003947
007075
000000
002888
000130
001994
006053
006487
000821
007060
007108
004225
004231
007378
000215
007111
000096
007460
003596
004272
004432
000003
001215
007025
003297
004060
005956
004559
003575
006119
003968
005509
003282
007281
004088
001791
005339
003871
004144
001696
003501
004671
004084
002259
006717
002217
003388
005277
006616
006413
006826
003493
000836
003936
002950
006544
001914
005009
001341
001803
001080
007276
004586
004645
001373
003509
002576
000221
005518
001278
000253
004690
001490
000652
006545
006254
007152
004359
002939
000374
001990
000349
007213
006461
001628
005263
001534
003091
000929
004872
001157
000406
004020
003415
004607
003935
001760
003023
004022
006447
001738
006203
004504
001847
006264
006326
003949
006708
004296
006004
005195
003976
002623
006290
006740
003372
002261
001876
006918
006681
005995
001479
005117
006476
002070
005521
001918
005562
000292
004264
005814
002309
005548
000219
001607
000150
003485
001436
002436
006933
005497
001518
003212
001956
003184
002537
000009
001792
003036
003698
004382
005364
002992
002587
002231
003157
002311
005355
002679
005060
000815
006743
006757
004436
006313
001402
003264
003626
000179
001671
001799
002987
006501
004097
000855
005118
000585
002125
001816
003262
005530
005087
006940
000099
004471
003075
001201
007428
004344
006834
005832
001367
004793
003637
003672
007388
005051
002106
002716
005936
005126
003577
001038
005399
002067
007185
002523
000537
001062
006018
006663
000055
001302
005529
004445
003532
000120
001122
005327
006401
004842
005066
006399
006329
004518
006143
005772
007137
005104
005513
001492
005606
006888
001735
002697
004234
007335
000539
003806
000753
002407
006170
003903
007357
006867
001059
003093
006408
003656
006746
004166
005537
000867
000550
005411
005730
003836
004476
000688
003186
003693
001512
002090
003681
000887
003795
005407
005440
007143
002733
000994
002129
003648
000903
001285
003147
001293
001212
004572
006648
004751
000511
000280
005018
000442
003383
003660
006824
004339
007050
007209
006099
004193
006150
002664
006251
005607
006490
002817
000010
002986
003064
001417
002872
003749
007064
003857
005974
003541
002263
005111
001743
004663
001901
000597
006055
005764
004701
005160
006180
003113
004681
001142
001883
004606
002989
006821
001826
003704
002041
004778
003413
003381
000261
001418
005799
003328
005697
003389
002441
004498
001723
006875
000497
007245
001623
005488
001024
001676
001475
002931
003810
000609
005387
002003
003384
004767
001453
000757
005216
003855
005732
004579
007243
000977
001618
001922
001757
004684
006839
006831
002970
003320
006157
005290
006243
001493
002972
000547
001092
001651
000358
001520
002579
003840
005830
007151
001223
001559
003327
006178
003238
000142
000011
000788
001992
003929
002762
003140
007446
003206
006256
001505
000982
005061
002933
001788
004906
005688
000780
004971
000965
006179
004273
006627
005281
002517
004265
005270
002595
004827
001964
003359
007203
003369
006172
003784
006082
005137
003792
005248
000797
000992
003687
001409
007195
006431
004304
004194
000796
000910
000144
007156
000488
003921
006814
002465
007254
002822
004218
005891
001404
005436
001921
005114
000412
001661
006700
001100
000962
000400
000334
007348
001159
005861
006363
004204
002097
003479
005475
005816
001965
000482
006499
007141
006961
003070
000257
006915
000631
006419
001032
006543
007328
006724
003572
003462
005151
007236
003418
001510
003273
003729
006557
001390
001889
003791
006939
007105
002278
001503
005507
000158
005400
007432
006418
000148
004413
005204
000064
001128
003468
003538
005503
002850
005592
001064
002768
007356
006463
005454
003151
000715
001639
003865
005483
001498
002427
001229
005872
007128
001072
003944
004134
006848
006049
004145
000416
003201
000749
007211
006459
001047
001081
006421
002821
004876
000300
007367
004801
006580
007116
006974
000012
002328
000017
005561
004819
006513
006235
000661
006991
000890
005738
001759
003143
004563
001117
004315
005968
004675
001961
006032
006387
005667
002561
007373
006995
005254
002607
002363
001403
002190
006209
000786
005130
006890
005941
002882
007173
004535
005678
005225
002776
000690
007293
004151
001282
006485
005446
000707
007332
006223
007220
002242
003987
003089
004448
002417
007461
003189
001399
002238
007113
004886
004936
006327
005502
006790
000044
007472
006456
004394
004354
005756
005402
001298
002154
000933
000255
003727
000322
005205
006104
004656
001186
000960
002659
000141
006384
002396
001784
005702
000525
000434
003427
006865
002186
005681
001730
002642
006309
001641
004365
001756
001385
000056
004522
000593
001202
003754
001871
001798
005809
002467
000565
007295
007086
001715
000654
005302
000820
006207
007127
000123
000723
004416
006252
004441
004279
006217
002909
002835
002932
000653
001408
001810
000014
005047
006691
003354
003752
001109
001004
004075
003714
006668
003191
001321
005522
006730
002759
000607
005187
003680
003654
005753
003431
000202
003125
001975
003594
005331
006239
000687
000872
006212
006289
004201
003152
002859
001470
000602
002791
004919
000490
001913
007020
000105
002264
003606
000121
006352
004341
000079
006438
003597
005169
001895
000018
001687
002533
004479
000972
006911
001030
003360
001850
005261
006788
002481
004908
005462
000514
001310
000131
003966
001652
002926
002172
003039
006912
006958
007066
005615
006432
002668
002253
000501
007171
004910
002825
006414
000713
005721
000896
000367
001060
006255
005675
006775
004058
000228
004236
002654
000051
002614
004286
003844
001472
005987
001595
004431
003013
001685
003545
003933
005575
004313
007058
005412
001430
000091
002381
000016
007013
000295
000296
002940
000067
004018
002547
001532
003906
003790
002204
005980
004230
004847
002222
005022
002736
004613
001953
002192
005485
001238
005845
002199
005085
004703
005583
002842
005823
004357
002732
005202
005701
003789
001566
005500
001312
001017
003044
001130
003888
002750
006880
004146
000834
004939
003223
000839
001197
003518
004575
000227
005880
004446
005636
004112
000578
002518
004488
006657
006221
004856
006776
005597
005749
005641
001196
001899
003463
006931
001283
001258
005424
001219
002244
003376
001325
000464
001563
000860
002069
002469
000608
004951
001698
001561
004523
003213
001598
003446
006584
002269
003636
007474
004233
002343
006916
005655
005594
001204
006135
007471
006283
000880
001829
003158
005550
006206
004442
006234
003724
004802
002887
005895
004428
003733
004961
005951
000627
004467
000856
004727
003248
004266
001090
005243
000084
006192
006748
003117
002256
004183
001166
005154
000641
002545
003565
005828
002784
001001
007191
001146
003439
007024
005493
003026
004208
004238
002655
001343
006128
006429
000176
004878
006601
000950
006404
006183
000577
001739
006774
000507
002099
006398
006105
000672
000621
003128
003271
004750
006705
001170
007155
002770
000680
002236
004798
000678
003451
003610
003012
006644
002684
006646
005193
005657
002941
004803
000241
000662
006140
001593
002109
002553
004820
005192
000851
003674
003803
005716
002401
005406
002938
000941
001324
002854
005535
002522
001731
001121
002567
005257
002061
005563
001327
006739
005409
003685
000709
001669
005306
006599
006594
005295
001575
004258
002374
001815
002237
003423
006817
000905
006550
000426
003045
000921
006896
003104
006683
003284
001703
004545
002996
003542
001993
003928
006988
000865
006113
000842
000456
005710
007140
005973
002741
004592
005990
005425
001288
000244
001277
005897
003768
004395
003332
002515
003867
003546
002766
004865
005632
002132
005293
002582
005694
004356
004834
003457
003817
004455
000075
006727
006518
003904
005943
007093
001882
002053
004464
003100
000026
002174
000136
007259
004461
002852
007270
005644
002051
004399
000057
000185
001474
005605
004760
006037
005851
001833
006310
002967
003578
005091
006787
007153
003595
006905
005884
000898
005310
007340
004043
007370
004211
003452
000390
001190
006216
003721
003081
005223
007297
006735
005930
002143
002969
006091
007438
003420
000282
007418
000304
003445
006142
000954
006947
003875
001297
000934
000563
005212
007009
000534
006986
002921
003400
006193
000570
007062
004761
006383
001079
002213
001724
000444
000552
006392
001005
000030
007441
003613
000584
000710
003326
000730
001105
006934
005789
005966
000467
006607
000629
006373
001657
002447
002498
001601
006171
006541
002265
004600
007040
004302
000901
004890
003957
001074
001338
001949
006359
003825
000738
000824
000895
004451
004495
005003
004678
002808
006230
007228
003831
006494
002790
005186
005410
003092
001773
005946
005578
001494
004052
004653
003021
000579
006365
000424
002743
004492
001638
003444
001476
000113
002629
005178
004333
002077
004916
006598
001939
000032
001044
002105
000157
001838
003072
002409
002413
004900
006285
005084
006707
000996
000531
002468
004818
002912
002449
003555
004050
001231
002146
007045
003941
004749
003279
006325
004014
006022
000544
005771
007054
002390
003261
003436
006346
000243
004015
005397
003414
004771
004044
004066
006919
002589
000990
000781
005152
006378
006621
007222
005541
003773
000417
006020
006056
006304
001789
000115
006460
000681
001250
000441
003510
007090
002676
004355
000955
005862
000573
001335
004253
007400
000180
003761
002321
000606
003267
003990
003523
006188
006132
003049
003877
002203
001866
000461
002119
007035
007186
006197
002544
002235
001000
001620
005527
001425
003918
000214
004019
000088
000069
005266
004497
005989
005547
004390
006259
004507
005940
000529
003218
001362
001482
005533
006742
005802
005769
006479
005960
005340
002009
002897
005797
005684
006448
006675
002227
006967
006538
004500
003699
002400
002865
002354
000997
005723
006131
005435
001903
002323
005627
001860
001626
006688
004199
002358
004937
005679
005611
000689
004047
003198
002273
000133
003593
002637
006630
004642
006976
005224
000913
006200
003115
002240
000425
000474
002031
000556
007361
007106
000574
004167
001048
000418
005591
002494
003772
007021
005286
005035
006620
006336
000845
002039
002886
002705
000759
005539
007324
005867
002949
007425
002660
005394
003734
002288
001440
004292
001073
003123
004676
004882
005976
003843
005863
004115
000523
005622
002453
002313
004889
002198
003424
000313
001944
001948
001112
006303
005850
002033
001110
005432
006793
000431
000580
001845
005367
002593
000171
003884
001452
003999
000405
006450
006320
006220
004883
004833
006330
003513
003896
005737
000125
006993
000101
002040
007193
001836
004894
001753
002899
004590
001483
004244
006571
005705
005326
001659
007007
005414
005148
004677
002018
003816
000421
003160
005374
003227
005868
005288
004217
005569
006877
000036
003639
004062
003566
004779
001907
007296
005344
004659
006970
005780
004781
002395
004728
003086
005848
001530
007386
006984
002834
005932
005088
005177
004334
003657
005209
003599
000095
006376
004809
004621
004824
003230
002527
002155
007307
006007
005645
002807
000513
007249
005239
002349
001301
003651
003991
006820
000814
001646
003507
002212
002451
000935
006260
004533
007314
001322
002197
002223
005071
002305
006040
005048
000733
006064
005294
003785
000111
002333
004198
001383
007184
004992
000500
003917
000462
004991
000638
007404
004758
004978
006295
002627
004969
000522
005220
007192
007102
002980
001209
001763
001137
004707
002141
005674
003876
002588
004631
007313
006145
000275
001841
000432
002205
003973
007451
003942
007107
006362
007406
001663
006225
004381
006511
000594
005491
000387
002683
002452
005012
005516
005798
001681
001604
003824
000586
005455
005501
007365
000914
006069
000833
000643
000502
004614
006957
002678
005718
004029
005666
005132
002318
004071
005748
006389
003500
004216
006902
001227
002832
003344
002126
003132
004080
002578
005096
001690
005046
005352
004186
001082
002864
006277
002536
003020
003084
000287
007129
002189
000892
000663
003018
000277
003740
003294
002634
000043
007333
001454
003256
005813
004712
000100
001915
005258
001319
004602
006605
001340
004836
001790
003586
001981
007118
003589
002379
003178
004729
002149
004855
000487
001467
003377
002870
004955
002015
004039
006825
002851
000518
006412
005846
001988
002496
001910
004950
002915
003644
003455
000177
002133
007179
003249
001572
002954
005604
004379
003149
007094
000596
003235
001622
003765
002616
006528
006174
001405
002792
003759
000364
005671
006704
002007
001504
004235
002005
004897
002180
001873
002649
005278
006268
000085
003955
000675
001870
000073
001624
003329
000861
006400
006608
005837
000937
007051
001040
003209
006690
000649
001720
000045
002364
002352
002016
002788
000129
004664
004845
002611
004099
001369
005099
000232
001769
005417
006983
000210
001328
003258
003176
004601
006257
002167
003862
006237
005554
001974
004484
004478
006271
003796
007039
002335
002983
003533
002687
002573
006361
000155
001770
001413
005886
000735
001311
004200
000178
001393
005203
006846
002871
004639
006000
006619
004031
003525
004378
006253
004565
001103
005860
000484
003706
004808
001280
004017
007196
002672
003486
007121
004555
006141
003498
005348
006137
005146
003602
003744
006904
000286
003725
003603
003663
005950
001874
006449
007317
006736
005196
000330
006886
001016
006318
005373
006929
000918
000172
000576
005957
006946
001691
002542
000438
005553
000882
002176
005264
003494
000742
005011
006766
007134
004654
003887
007218
004828
000205
004982
001200
004267
004637
006859
000592
000946
001951
000149
007268
005250
001506
002104
001916
000316
004466
000599
001842
006175
002302
002639
000258
003378
000092
004774
006296
000980
003561
002157
000747
005654
004772
006298
000857
003200
003293
002779
005720
005496
006857
007160
005357
005908
005791
000184
004376
000471
005023
005871
004823
005097
005512
000959
004135
003317
004169
000998
003549
002221
001276
006718
002435
005810
005959
004317
006642
001371
003334
006291
002194
001843
003237
001468
005866
005831
002060
001045
003473
003642
003959
006805
007263
005171
002181
004257
006952
003097
004322
004965
001052
007393
003289
004616
000049
007070
003163
004269
004179
000274
000785
005356
005609
001248
003356
007101
006932
004035
001608
002230
002459
003459
002691
002510
006587
002704
005382
006927
003537
001262
001674
001175
001806
000445
005354
005134
002375
005253
006639
000114
002662
000380
000936
005983
007046
003309
002088
007099
004604
003646
001368
002471
005682
000755
006926
004086
006721
002734
004866
001429
002873
001396
002708
006390
001963
001908
000165
001580
004054
005920
000732
005245
000651
003863
000808
000540
006189
003041
001426
007394
005661
003930
006211
003758
002281
006224
004857
000870
002317
003730
000553
003311
000264
002508
001630
006559
005116
007248
001290
005383
000423
003095
006589
002652
004646
003587
000054
003122
005228
002738
004477
003037
005998
000166
005646
000225
005092
001351
004525
004069
003832
004880
006640
005211
000853
004515
003534
000160
002083
006160
001744
003598
000276
006631
000449
004473
007239
001264
005612
006358
003244
005833
000060
005039
003017
003994
000758
006059
007341
004506
003340
005719
002816
006998
002998
004182
000562
005543
001414
004037
004754
003757
006134
005752
005874
005468
007363
005123
006080
006838
000410
006205
001688
002377
001484
005159
002714
007206
000743
005210
003745
000762
005469
006248
002092
004287
003720
000886
002297
006567
000799
001930
001320
002981
004625
003173
004702
007226
004212
004274
003154
002210
000919
005770
000433
005384
002965
003138
004070
006500
005815
003505
001906
000924
007429
001708
003839
000363
005734
003139
000271
002838
003499
000164
000072
002923
001093
003285
005620
003548
005396
000447
002990
004670
006092
004884
003278
004332
001499
005621
002622
003551
002907
006079
000306
005758
005849
006153
001459
003939
006492
002470
006840
005774
003585
000238
004351
001857
002241
007044
003040
005457
000516
004056
001837
003314
004297
006635
002535
002006
001023
006402
007234
003477
001896
000138
004537
000787
004661
000162
003253
006923
000739
002754
006883
005428
007366
000906
002946
002823
006851
003701
004459
002843
002803
001556
005439
002324
004940
003321
002956
000633
000070
003339
006341
004410
001354
000074
002156
005670
004619
006284
005433
006878
001971
002605
007190
004795
001473
005593
000828
001834
000082
000711
005470
002162
003821
003060
006554
003741
006706
005393
002430
001400
002700
003889
007181
001761
003196
007417
003348
007305
002116
006124
000375
007170
001679
007097
007346
004276
002098
001240
007148
006455
005722
004794
004123
004310
004412
000676
005875
004984
001164
005361
001309
005401
001500
004025
004544
002566
004789
003303
002072
006665
000526
006697
005624
000557
004375
005305
006966
006510
002274
003742
002437
003241
002756
007241
006671
004805
002719
001361
007454
001486
004719
001775
003732
005089
000995
002214
002592
002795
006921
005574
005877
005420
004463
007444
000664
000822
005942
001151
002484
007399
001020
000640
003079
003570
003268
000656
000864
001210
001849
005388
000666
002412
004554
003696
001003
005870
004970
006687
006972
001695
001827
006591
006159
002559
003516
000693
001456
000112
006965
004184
003263
000817
003799
003119
004405
001462
005733
000163
000665
005690
003168
000198
005129
000458
006090
005847
005614
002421
006231
005890
006769
006572
001434
002389
001830
001087
005285
006094
002670
001392
007002
003215
006662
006600
004180
007104
001754
000891
002373
003581
007392
005775
004538
006350
007338
001957
005300
006845
005438
003155
001821
001649
003220
005265
004325
000353
000686
003460
002361
002312
004380
000987
000927
002968
005977
004812
000331
002929
004643
000888
000777
002080
002368
001364
003978
001578
000760
004877
003895
002849
000208
007476
003016
005992
005928
006184
002355
003166
002416
002658
005767
006504
003665
003083
003783
005076
001553
006869
001119
001653
003416
005020
003579
005016
005759
001779
005490
001938
001894
005376
000245
003342
006864
002252
006579
001315
006996
001673
006924
006072
000908
005579
000830
003743
001987
004964
003641
000087
001766
000763
003391
005773
003286
003245
000794
002032
004057
002802
003556
002913
005792
006536
001184
000868
006112
000127
000097
003260
005043
003195
002084
001523
003336
002322
003057
006985
000256
000538
006293
004328
005102
004945
003868
002466
005520
005506
005232
003861
007390
007197
000632
001401
006842
004358
000902
004561
006109
000220
000813
003612
003722
004796
006893
006564
001950
001378
004090
003108
000846
004499
004912
004449
002906
000532
004854
006722
003819
002023
000109
000288
004552
003105
004347
000575
000217
005395
002211
004755
000119
000435
004662
001796
005027
006422
005568
000145
004139
004704
006801
004417
004967
000703
006652
002178
007188
005779
006575
000193
004869
000209
003625
004262
005499
003387
004078
005392
007004
006672
001181
001879
001734
007216
006699
002918
007321
006522
000439
005291
004584
004023
001185
006979
006073
004503
000338
006526
005150
003291
007452
002524
006065
001947
003374
006129
003717
000637
005480
000603
001550
003882
002270
005000
006051
005836
001028
003628
002406
002667
003983
004972
000206
000925
001912
005247
005259
003952
003925
006374
006375
001098
003111
005451
003776
004046
000326
006975
006443
003710
002910
003850
000617
001313
000267
003670
002271
004543
000294
005686
000298
002247
003015
004558
000685
005083
004736
000339
004371
002024
003454
004261
002774
003526
001428
000317
005665
005696
005165
005524
002904
002289
001496
004786
002920
002063
006573
002857
003193
004165
007320
003476
001864
000337
001394
000368
006292
005324
004747
002175
001672
004283
002487
000384
003472
003398
005838
000764
004170
001366
001785
001716
005608
005663
000460
005504
001700
001358
005902
001748
000505
001655
001570
005637
006471
004580
000465
004605
006035
006201
001423
000520
003333
001233
007408
006458
006661
001544
005937
005711
003675
004696
000598
002059
004053
001279
004780
002551
002164
001636
005208
004106
000622
002723
005898
002781
001061
004524
003615
006382
006226
002489
002443
006025
006920
000623
006155
001584
005269
002952
000646
002769
007126
006480
006951
001548
002898
000726
000671
003591
007372
003068
005421
002064
000783
002485
000695
006089
001609
005954
001205
000701
006585
007073
003700
007431
001632
005231
002671
001031
000744
000770
001422
006749
001725
001692
005408
001169
003766
003437
001998
005418
005031
001220
003709
003971
005059
003560
004229
004389
001529
003130
007269
003927
000827
004073
002689
001406
002030
002267
003967
003307
002493
007231
003997
003171
000947
002837
004361
006294
004564
004103
004973
004844
003922
001029
001033
002618
007237
004093
004731
001036
003770
001057
005526
005007
001124
003694
001091
005808
003059
001160
002342
003085
001300
006892
005567
001208
005301
006799
001256
002718
003954
005924
001323
003823
001444
004247
006941
002226
002144
005317
002554
001509
003797
007150
001540
004147
002403
003774
001571
005647
001777
002408
006021
002445
006654
001811
002829
001911
002402
004627
004514
001970
002117
003974
006552
002410
003849
002456
003164
004192
004509
002507
004915
006337
006830
002739
004723
004346
007159
004400
003277
007427
007147
006750
003576
004012
006308
006158
005817
003858
007036
004308
004597
006076
004901
007077
006502
007056
007287
006777
007374
002525
005484
004573
001463
003422
003899
001880
002307
007122
006369
001750
000879
006713
004863
001245
005299
003222
006874
000195
005316
004121
004725
005538
000230
004040
006944
003275
001063
004557
003165
001304
001675
001167
001356
006340
004534
004314
006377
006906
006036
004806
006971
005141
006693
003453
001727
006343
004548
006229
000273
005041
004835
006586
006339
005268
004956
006364
004647
005984
000613
001387
002836
003751
004530
000897
002917
004285
004629
003948
001884
001407
003007
001869
001997
002353
005271
002170
004574
004852
000139
003429
005997
001507
005544
001712
000409
007078
005653
007377
000630
003000
000988
000659
007439
004335
003916
003682
001255
000702
005873
000899
005916
002883
003914
004132
006829
003854
006803
002828
006219
001471
000508
003678
005859
006168
006913
001802
003945
006247
002248
007416
004175
004329
006287
006249
000767
007221
005080
005565
004998
006380
000281
006634
007235
000803
001527
006282
005015
003627
003943
004746
004941
002867
003029
006415
003106
003366
006023
000023
005055
005244
005249
007103
000307
005181
002229
003088
006297
000137
005194
005342
003210
006507
000555
004187
007049
003251
002165
002279
002434
001752
004191
001569
006177
005028
007397
000642
001824
007456
005363
001774
000583
003972
001881
004210
002681
006696
001627
006792
007478
006603
006100
006505
000561
004738
001588
004215
006651
002891
001940
000399
001439
005377
002715
006771
004693
004048
007302
005882
003027
006650
001027
000359
007229
003794
000940
005914
003364
006386
001577
000512
004726
005727
005841
002630
003897
001707
003402
003692
001331
006756
001711
003934
007345
006712
003608
003539
000931
003611
000949
006782
003554
002308
002598
004140
001945
001920
002483
002094
004737
004501
001613
005922
005921
007133
003992
002008
002569
005638
005857
000237
001236
007079
001516
004898
003519
001218
002557
006464
004776
007434
007252
003553
003890
006265
004407
003873
000943
000143
004415
001660
001807
004377
006491
000167
001111
004630
004705
001684
007130
004699
004068
006565
000560
005284
003814
005093
004480
001787
005785
003469
000635
005101
002694
005153
005949
000081
004917
001480
005536
003601
000388
002722
006473
005582
001305
003450
006417
007042
006760
001818
000807
005308
005912
004435
001617
005473
007284
007238
005343
004011
006614
007168
002163
002037
005852
003977
002284
002914
006405
001177
000601
003276
002901
002951
004581
001053
001352
005787
000207
005944
006010
004718
003769
005650
003726
005939
002809
005338
006046
001149
005985
006481
003033
003403
003096
005155
006331
006626
001213
001461
003054
001717
000974
003347
006574
000748
005313
005311
000265
006849
000811
000203
005878
006436
001854
003841
001501
002113
001115
003630
002755
005236
004117
007125
005113
006747
007199
001808
004714
004698
006964
001450
000618
007453
006190
005323
000394
001511
003775
000108
000722
003379
005476
000360
006715
000268
001050
000204
004921
000489
004402
002538
002391
006738
002885
003645
003600
003351
005471
004658
002121
003217
004744
007098
000468
001885
007304
004608
000002
007082
000810
001144
005969
004655
006348
001983
005307
005805
003161
002179
001783
004438
003448
001432
004224
006900
002695
001051
002657
002997
001946
003292
000196
004618
002127
002958
004873
001135
007212
001271
001155
003573
001235
002036
000094
001694
002686
006349
000774
001025
006819
006981
005869
005978
001650
000682
001619
002504
001381
004566
006977
006357
001395
005584
001437
007080
000806
005883
005818
006592
004465
004931
006701
000769
001635
002877
000446
002220
004305
005699
006406
002075
004429
000396
006061
000187
001259
001014
006596
005296
004008
004695
005197
000005
002499
003082
007253
001353
004783
005121
003777
002675
000499
006270
005219
007072
001567
002411
001900
002329
007115
005601
001375
006351
004494
001332
006664
004958
004777
003543
000517
005972
003080
007426
005175
003920
007405
001129
003669
001597
006506
002633
004423
000305
007244
003883
002806
003461
003052
007382
003127
003881
003859
007466
000645
006182
005596
007219
000006
000078
000670
002710
006269
002022
002993
007246
006014
000279
001582
002685
002982
004034
002239
001932
001781
002783
005389
000930
006044
001284
005179
007291
005032
000061
000991
003907
004895
000252
004831
001268
002246
000314
001996
000293
006806
004942
006233
006371
000402
000491
005586
007176
005708
002428
007214
002079
007343
005441
004974
001985
006332
005319
005004
002606
001521
004087
000981
000863
006797
007037
005955
007423
003153
005643
000894
004688
000634
000335
005233
005576
003110
003038
000620
000976
002027
000066
005689
004763
006002
004130
004486
000459
007303
004299
006360
006767
005707
004491
001107
001084
003738
005821
004421
005415
001273
003771
000182
004994
005347
000952
002093
002118
005577
005001
002905
003430
000969
000283
002218
000008
006674
005359
006030
003483
006043
003094
003892
001778
000619
000450
004868
006891
005879
007165
006278
004632
000566
005854
004829
000545
003103
003226
003705
001344
000250
000476
004242
001153
007311
004888
006462
000354
000077
005610
003557
002902
003399
004452
006850
002004
002131
002277
000648
004350
005385
004710
006013
002366
000849
006514
004345
007380
005975
002359
006425
000473
003961
003478
003584
004434
004158
006679
001606
002054
000291
002726
000173
004280
000852
005227
003520
007258
000408
007010
000983
005745
000175
004450
001377
002376
004650
005349
003998
001886
001823
001670
007336
006125
003837
005458
000272
000340
002971
002534
004458
003175
007376
001495
002916
000624
003405
000315
002511
004732
000717
000430
005140
006096
006039
007068
006828
003728
001008
003207
001931
005170
002892
000147
002362
003306
003632
003466
007265
000048
000840
003763
000971
002348
000816
001207
000571
005617
005545
003739
002393
001795
002725
003487
002386
006453
004825
004425
006130
001693
006424
002440
001488
003924
003480
007202
002526
005467
000190
003688
003552
007109
006427
004954
007319
007420
001419
004321
005086
003133
001193
004745
001046
002613
001132
000961
004963
004474
001776
002775
000718
003393
004349
006070
001355
005714
006122
002640
005510
001068
003880
001549
000923
000496
001667
002944
004487
002243
005434
002282
007136
003492
007161
007410
000065
000251
002477
006475
006937
006980
001267
002709
002800
007318
003233
004028
002042
004223
006908
002091
000076
000559
005905
001307
000336
000826
007412
006800
000727
000015
001713
007375
004983
002583
003718
006745
002502
000595
004055
001853
004443
005812
004588
003550
001106
006703
006872
001252
002966
004562
000332
000341
003074
006818
004002
004149
006847
000999
004740
004665
004027
005336
006083
006478
006441
007369
000679
002045
001525
004343
006088
002071
003805
003753
000964
005743
006488
006578
002315
002889
005082
007464
004327
002073
004271
001198
006768
004657
002548
005910
002383
002856
002035
005365
002830
000844
007401
004502
002463
002068
005551
003316
001163
005889
002602
003671
001261
005404
003076
007442
007032
003909
002810
003352
005740
000926
002196
002575
004110
003712
006899
001545
005255
004072
002500
001018
004352
001526
007131
003631
004294
002729
002183
001097
006936
003778
005180
004307
007450
000644
001771
007138
001342
001026
002365
001960
006085
000090
002896
003755
007300
001605
000107
002029
006755
003011
002937
004036
003373
002392
001749
006355
004531
006393
005534
000262
003707
001729
001645
006185
001615
006868
004306
006982
002728
000667
004168
000019
006754
001904
007275
005372
000740
004033
000140
006515
006114
001089
001192
003145
005885
001732
002757
000174
006553
001898
007395
007330
002303
004143
005826
003266
001451
004887
006669
004004
002495
002111
007217
004526
001365
000420
000247
002669
002002
006772
006305
006274
002570
004440
004529
002330
007117
000020
002564
001995
006732
005034
007112
003515
006694
000564
002415
007283
002100
007384
001862
002900
003109
003647
005819
004790
005206
004162
006885
006917
005962
000546
005040
003019
004309
004172
006445
005350
004398
001587
001867
005230
001872
002158
000493
005095
001590
002001
005105
002384
003281
002568
002876
006901
002272
004918
000909
006275
006914
002636
000356
007225
005345
001594
004363
006321
003073
002805
000269
006028
003582
001012
000031
000706
004570
004226
006692
005783
006516
004111
004935
000838
000116
005267
005144
005673
000239
001339
007187
001127
003962
005570
005279
001702
002820
005128
001265
001096
005747
002772
003242
002959
003932
005907
002345
004721
000053
003847
001586
002861
002955
007095
000782
002903
000677
003746
006016
003135
007299
007233
004666
003034
004716
004905
005843
007398
001123
006695
006093
007280
007407
003620
002948
005784
005669
007177
001740
007053
001141
006611
004520
002112
000922
002841
001721
003677
000736
000362
004711
004551
004948
000528
007033
000915
000211
002677
004516
005289
006306
006778
002422
006647
005156
001274
002586
004164
006843
003254
002745
003313
001203
001592
006725
006612
000958
004324
006050
002152
006837
004426
007256
005876
005560
007232
002234
004337
000614
003061
001120
004811
006882
001221
004128
004188
004814
004063
007169
002962
005982
006734
000859
001560
004370
004549
002232
002978
004092
001179
002476
000352
001134
001610
000986
005371
001825
001733
001336
002858
001254
000548
002049
003938
006597
007000
001710
006117
004764
002418
006866
006534
005379
007349
000062
002153
006026
000320
001706
005157
002367
005970
002107
004962
002746
006416
006333
002233
001187
004163
002414
002462
003982
003490
000778
002404
004715
004885
006048
007449
004150
002151
005700
004138
001942
005557
001195
005893
003216
002397
003055
006978
006789
000246
002341
005108
000289
006238
000024
000345
007015
002262
000132
003659
000419
005444
006154
000741
003528
004981
004016
004756
002387
001469
006907
000236
003396
000248
003996
004742
001347
000191
002290
000515
000551
007389
004929
003116
005498
004243
005935
002960
006773
001764
002706
001287
002293
004277
004248
002140
001533
005952
006637
005058
003804
002492
004843
005680
002314
005366
005191
004832
005981
007352
001104
005164
000800
002600
000756
004993
006670
005318
005706
005913
006394
002581
006781
001158
003187
001986
003872
005855
004190
006943
005321
002260
004061
002711
002584
001013
000967
005685
005214
007364
003563
002796
001858
005260
007339
004214
002201
002461
004769
001625
001741
001244
000669
000725
001928
006889
004342
001446
005728
001291
001705
005073
003807
001306
006853
007475
000391
001603
006345
002572
002291
000492
004010
006469
002847
002123
001991
002963
006127
005834
001697
007008
007468
005094
002347
006312
000558
002930
005019
001742
003488
006144
005008
002520
002604
000357
004682
000805
004743
006045
006008
001855
000745
002519
002173
000600
003137
006953
000572
006856
000249
006041
000404
004447
000647
006780
003214
002142
001481
004295
003239
005558
004082
005138
002794
002044
006420
006658
001576
000850
005229
002486
003622
002182
004100
004275
000098
001828
000047
003568
004686
001514
003471
004648
005986
001925
004270
007360
001138
002295
000027
004303
004101
001152
002046
001257
004152
001934
003562
005782
007381
001039
006811
001346
002924
007204
004255
003003
003322
003272
004282
002346
001251
004759
006250
002458
007061
006001
000873
005275
005640
002224
000655
005566
005925
000437
002228
003834
001528
006729
006956
001269
000059
004867
000877
005725
002717
003425
006133
001095
004105
004113
002765
001398
001442
006439
003558
002166
004278
002761
003702
003788
004683
004403
001890
004582
002653
006555
002074
003655
001989
002319
002580
001943
007180
005474
004336
006136
004220
002336
005460
005452
000451
006569
006582
007146
005525
006465
004009
005256
002577
005328
001058
006524
003397
000932
002961
005298
006437
000610
000168
000657
007279
004089
001350
001076
004340
000542
001704
002202
006452
002370
006173
000260
004615
002010
004591
001546
006863
001226
007139
000503
004202
004153
007022
002758
003629
000033
004680
007227
001363
003112
003401
005603
003950
003385
000904
001875
000636
000658
004003
003305
006855
002764
005958
000028
007278
000721
005735
003905
000841
007084
003302
005656
002814
001536
000773
000881
006954
000506
001726
000452
004596
001148
004850
004687
006286
001216
000938
005713
002292
004799
006762
006633
005262
001978
000792
006997
003679
002506
006884
000104
007445
001844
005297
005712
001517
000650
001275
002625
001143
001542
002266
007292
004792
002977
003869
004927
003300
004673
002690
002702
005807
000521
002038
007247
005062
005325
006959
000804
004891
003750
005786
000533
005081
002556
001296
002713
003447
000235
003470
005926
002925
004124
000329
005649
000524
006012
002866
001133
005587
004256
002619
001094
005911
002661
005222
002283
004669
001936
007016
001263
002011
004460
003042
003886
007385
004649
002988
005322
002025
006786
005213
001755
001145
007083
006561
007262
004599
007030
006316
005827
005642
002420
002356
001851
005571
007240
000939
005334
002207
000683
000916
004397
002991
001329
001863
002919
004000
005375
005528
006999
002021
006385
002985
000216
002215
004173
004875
001658
003129
001751
003181
002749
001786
003937
004791
001952
003715
007391
003878
006288
004864
006590
000413
002304
003580
005619
004556
004947
006836
005309
000035
000917
005555
003689
001318
005448
000494
006623
004064
000042
002013
001172
001967
007415
000772
004485
000229
002631
003179
007157
006533
007205
003318
006858
006785
005923
001435
003259
004907
004697
001131
003583
006759
003484
006794
002286
005405
003343
005054
005698
006435
005185
006058
006493
006381
004846
001086
006095
007034
005829
005330
004651
006031
006938
006107
007447
002057
002801
005109
004739
000973
007413
004988
003102
000063
002787
006808
005822
006103
006317
002137
000443
005639
000343
006576
005494
006167
006098
004401
004228
005184
002893
001234
005800
001557
005589
006881
001552
003811
003308
001562
001666
005052
005335
000385
001772
001665
002880
003456
006720
006812
004782
006126
002827
002594
002043
003280
007261
006062
003257
005136
006057
004700
001585
002590
007028
002103
000696
000312
007403
003358
006161
005677
004540
003032
000885
006388
004817
001147
000242
006146
003970
006659
002255
004598
004038
001591
000801
003357
007158
005616
002490
007074
004348
001214
003408
004444
007430
003406
002048
004205
003467
004174
005660
004393
005315
000660
007294
002128
003182
000907
003312
004717
000754
006531
000485
001629
007411
003860
002957
005741
005777
003006
004813
002727
004251
006195
006353
003325
001980
004160
002509
006548
000790
000188
006560
007470
001333
001662
002460
002294
002439
002878
000152
004293
003503
006556
002789
001579
001178
006796
000761
003662
004007
003337
003691
006822
005368
006525
006731
004311
004420
001180
005999
005120
006798
003283
000704
000734
007342
005631
005010
001856
004874
005481
001664
003800
007371
004685
006945
004966
005161
000567
001801
007260
002372
000694
005072
004206
004051
000223
007149
000541
002516
004301
004122
006273
007178
001919
006391
006540
001508
001924
006765
001224
005241
006968
003228
001412
005794
000463
000089
004624
000382
004290
007166
006752
003410
002797
002839
002974
004904
006588
004239
004734
005276
004154
002405
004391
006519
003661
002419
003885
003808
004157
002911
000472
002831
007027
000311
002935
003394
001445
007194
005333
004213
001535
006110
002081
000328
007182
003506
003417
002488
003319
005466
001035
005618
004640
006198
001241
000698
001765
001055
001878
000436
006628
003711
002200
001926
004946
002945
002101
006530
000626
004667
007337
004418
003225
006370
002541
005881
006758
007267
006169
006629
006301
003395
000809
006632
001631
004171
007088
003653
002169
003956
005602
004246
001458
007437
004542
000309
001897
000615
002928
001797
007144
003482
004902
003902
000161
005900
007071
005430
006208
002219
007421
005505
006470
004098
001225
003870
001140
005166
001410
001701
005360
007210
002563
004137
006366
000591
004388
005623
002953
006950
003609
005149
003107
007163
000963
005056
004610
006272
003891
003236
002187
003980
001303
006334
006003
003652
005552
006410
006106
003866
004406
003931
003719
004221
000218
001102
005182
000159
005013
003684
005163
001150
002818
005634
006770
007462
005337
002225
004652
007353
001859
005927
006625
002082
002433
003141
000197
002209
001722
006844
003194
003338
002674
006204
005174
004766
002505
004862
001021
001162
004119
001230
001634
005453
005751
006655
000486
002012
000684
006068
002748
006409
002753
001015
004860
007011
002446
004810
000942
002385
005717
002793
003131
006403
006314
000052
005074
003323
002721
000361
002344
001909
007087
001718
002546
005217
007174
005572
004603
001682
003301
003353
002251
005242
000708
000135
004626
007135
003531
006232
000186
004120
002848
006570
003025
007440
001621
000093
004859
004353
007031
006595
004155
006078
001139
004858
005176
005002
003465
004585
004985
004926
003574
007026
001954
002474
005201
001317
006733
001602
000798
007242
003159
003056
002085
000795
004770
005234
003923
003409
000475
007014
000802
001232
006102
007350
004609
004668
002332
006067
001083
006649
006815
004553
004032
000234
003958
004148
000350
006870
005287
005312
001199
002747
003716
000628
001388
002964
002086
004730
001043
004289
004300
005668
003172
002161
002473
003605
003146
006300
002530
006948
007435
001438
001979
004156
004392
002177
005125
003231
006960
001745
000843
001071
001330
002692
003708
003224
001861
007422
003203
000429
006922
003298
003434
007100
001840
002712
004259
006498
000674
001136
004752
004709
004708
000970
002338
005523
006910
004433
006508
004679
007344
002651
000199
002680
005218
000953
002601
002558
005461
001780
000169
003004
003901
000226
003310
006426
005038
000284
005757
003802
002398
002815
007266
001583
000729
006468
005695
000213
002216
005049
002846
005280
005948
003898
006549
005918
005426
003375
006879
005427
001007
006483
007315
006987
001852
006520
000831
001108
003001
004045
006315
004851
004871
001999
000737
006783
006338
004493
002102
002638
006379
004622
003370
004496
002423
003521
000346
000370
006356
006942
003618
004909
005465
004207
003864
006097
002503
005443
006568
001077
006678
001222
005762
005251
004095
004938
005274
000554
006322
005057
006156
003782
003529
003053
005198
000875
004787
003984
004990
004691
004263
004241
006163
003736
003474
005189
003043
002399
001078
002895
002455
002168
003150
006060
007145
006368
003288
004713
003830
006187
006052
002340
002380
005996
006005
004096
006066
007424
000590
002984
007081
002135
002812
000455
000117
006710
001941
004360
003030
001011
005588
000392
003633
001683
000397
003915
004312
001065
005729
004196
000944
002050
007047
001969
004232
001643
005449
007323
004830
004896
005487
003779
003211
003170
005145
003407
003167
005190
004943
000373
005630
006602
000588
005024
005595
001699
001746
007003
006753
001709
005803
001125
002730
005103
004959
007230
005580
002826
004822
006660
000181
002737
005386
003822
004326
002845
007208
001513
000751
001389
001633
002257
002853
002976
004934
006897
001596
001416
006474
003676
006535
004920
006034
000393
002615
003240
005625
001294
003197
007069
003621
003975
006342
001022
003368
004692
001714
001888
000448
001069
000771
006503
005965
001640
005763
003296
001295
004291
007326
004422
006396
004384
000333
003050
006496
001600
006196
000453
004788
005511
007347
006276
004567
002626
002014
004569
000124
005112
005110
003114
004074
001814
002999
006118
007359
006024
007255
001188
003426
006433
003668
005482
005064
000308
000366
003404
001877
004330
003156
005633
000383
002000
003065
005495
003148
006813
004944
006148
003856
005391
005840
005075
002565
003071
005273
002531
001286
003183
004720
005796
001308
004065
005070
004404
000495
003489
004185
006407
002076
006682
004414
006087
000889
000530
005037
000153
004109
004085
007290
003793
001589
005994
001487
000428
004367
003324
006994
003667
005078
001384
002908
004768
004638
001427
000224
001654
002994
004762
003421
002159
000398
001088
000324
001249
004125
002693
002763
003571
000327
005559
006215
005760
001421
004482
006354
001191
004508
001574
002478
007288
006676
006411
006240
001037
006873
006228
001984
003024
004116
000381
006222
004986
006804
006955
004237
006472
003134
000407
001228
001066
001239
001927
005961
004079
005445
002120
002429
002089
003607
001905
003174
004849
002528
000504
006227
004189
004489
001067
003411
003504
000779
003090
000414
005304
004807
003449
003926
001386
004815
006086
006121
006139
002666
004142
005532
000469
004928
004924
006583
005226
000625
003199
003464
003502
002979
003232
002663
000966
002742
004527
002310
002287
001817
000477
004903
003649
003315
005899
000498
001982
007448
001547
002334
001846
005801
000509
005050
003737
001397
005017
000746
006029
001923
003177
002735
001374
001314
000862
004976
006486
007310
005683
001758
005329
001113
006807
006194
001441
003481
003269
001189
007436
006258
001206
004587
001835
004724
004021
005806
003703
005422
003247
006656
002299
001689
001272
005931
006903
007272
005744
001431
003330
003221
004323
004049
003435
001804
007351
002875
002058
006685
002767
004996
003969
002424
005540
005746
002529
