000130
000789
000000
007075
004546
005142
003947
002888
006053
001994
003297
004432
000003
007025
003575
004231
007460
005351
005768
006487
007378
006347
000096
007060
007108
000821
004272
003596
004225
007282
005956
002122
004060
002464
002939
007281
002311
000009
001490
000221
006933
000836
006681
006447
001956
003698
007001
004436
004227
006326
005509
004504
003415
005339
001373
003509
001637
002950
003372
005355
002576
003935
006367
003036
003023
003619
006708
004382
001402
004671
003871
006461
004408
005995
003501
003282
005548
004690
003845
004097
005118
004084
000585
002587
006428
001341
003626
000344
002679
006254
001696
004020
003650
002070
001278
001792
001628
007443
001326
006918
001876
005370
006264
006290
001171
004296
003184
000406
000349
002309
006501
005651
000253
003963
004359
006717
006476
002261
005277
002231
007152
003212
001760
000071
001816
001316
003936
000815
006413
001479
004144
000374
006740
004264
005263
006743
003968
001973
003919
007276
005562
001738
004645
005195
001847
002217
000179
004607
006004
006203
005521
002623
003949
002922
005364
002537
006826
005060
005353
001607
002125
000150
006544
003846
006545
005814
002301
000200
007213
001803
005025
005117
002703
005776
001080
001671
004784
000705
006162
005518
003976
004088
001914
002436
001518
004586
002992
001723
005488
003656
003833
000757
007335
000867
007151
001922
006963
004166
005648
003381
007428
002579
005327
006824
000668
003567
004366
005844
001883
003383
001492
005464
006329
003327
004498
000887
001418
006099
007064
006831
006875
004234
005126
005832
006143
001302
000110
003795
001512
005440
003389
003648
003903
002733
005936
000547
003840
001618
006170
005066
005290
005399
006055
003704
002067
003541
002441
003147
005606
000688
001212
005407
003810
005974
007137
005529
000597
006746
001024
001757
003693
006839
005442
005530
006489
003064
004344
001367
006178
002003
006821
005111
005029
002041
003577
007050
003299
001651
007245
001520
006401
003274
002931
003857
001122
002523
006834
003988
002407
001059
000550
006940
003113
005051
002989
006191
003855
000120
006490
002134
001493
003413
005537
004681
004579
005411
000994
004793
005730
001678
002090
002394
001453
004606
004684
001826
004471
006648
003384
004767
004193
005513
004339
006243
002106
000903
005799
005732
004778
001223
003637
001142
002817
004409
001735
005104
003328
003186
000055
003660
006399
004701
001475
002263
007357
004842
000539
006888
000609
000261
006180
004572
007388
001417
003320
007209
006867
002129
000511
002872
000497
000099
000697
003514
005607
005697
002986
002698
004476
001293
003836
002970
004518
005830
003075
006408
000442
005087
007185
002716
002972
002664
007143
005216
001955
004331
001505
006546
006827
007301
004218
006011
000992
000788
007203
003206
001661
000144
002517
001788
004304
002933
001964
005270
001921
003687
006627
002465
005419
006809
004837
005891
001409
002822
000982
005061
001404
005281
000488
002275
006700
006969
005114
000796
006256
004906
001100
004094
006645
000142
003784
006082
000965
007254
003929
000412
007156
004827
005137
005248
003140
002339
004757
004194
002762
003666
005436
001992
000011
003564
000254
003369
002595
000068
006499
000631
004635
001032
007096
000749
000411
002561
007105
006459
007367
006419
001491
003729
005592
005872
006463
002607
004876
004675
000832
006418
001403
006387
004801
002427
001229
000257
006108
000416
006724
006848
002278
006580
001759
003151
000012
005475
007373
003791
000400
005816
004134
002850
006235
000482
002097
003458
001056
003418
000064
000017
004987
003273
003345
001639
003468
002190
004204
005204
007141
007432
001081
007236
004819
001064
003572
006421
003462
007312
003538
005483
006974
001117
006557
001510
006049
001498
001390
000334
004623
000962
005626
006279
000148
003815
000715
006363
001961
005400
005738
006939
002768
002426
001503
003201
005454
005303
002821
007348
003865
000158
006032
006716
004563
004413
007328
001889
001072
001128
004315
004577
007211
005561
003944
006513
006991
006915
007116
002472
005151
004145
006995
002328
004151
005678
005130
000835
002776
000690
000707
005225
005446
007332
007293
000013
006890
007173
006485
005941
006223
005456
002882
001282
006209
000786
000829
006691
006327
004133
002396
007455
003191
000653
005187
000202
006309
002242
003680
003522
001756
000056
000255
006252
004365
001810
002186
006668
000872
000322
003089
002909
003594
000044
006104
002475
004416
006730
007086
001385
003431
001321
000434
006212
000820
005681
007113
005402
000607
005331
006239
003940
000123
004448
001798
007295
004279
003714
005522
002467
003189
000654
006207
002932
005205
003125
005502
005702
000723
003752
001641
005809
005753
002835
004539
001408
007472
004354
000525
007127
005726
001715
000014
001399
006384
006865
002759
005047
002659
002642
001298
006790
005549
003727
000565
001793
003152
005756
003475
006615
000593
000141
004201
003654
006456
000960
005302
004453
001975
001109
003354
004522
003427
003906
004908
004286
006911
001310
000018
006414
001685
006352
006255
000051
001595
007457
001472
001895
000713
004236
002614
003844
006788
006775
002654
002172
004245
000105
000131
002859
003790
000016
002481
002791
007316
000367
002533
004919
000079
001687
000602
004341
000972
005750
006912
001060
003013
002926
005987
006432
001652
005069
001532
003039
005462
002371
002547
005412
002596
005675
002940
005575
000490
004641
004617
000067
000896
005169
000501
002668
004910
004431
005615
003597
004479
002264
000228
003545
004058
007020
005795
002253
004313
003360
004923
001850
007058
005721
000121
001913
003636
000578
003518
006931
004628
004575
002244
004230
002269
006135
004442
005781
001563
006283
000466
007471
004005
002750
004357
005880
002887
003223
001130
007474
000776
006916
002222
002518
001561
006234
006311
002512
005895
003158
001325
005550
003540
003376
001953
001809
005980
006221
005594
001360
003063
000839
004114
002204
002736
001204
004856
001197
005749
002732
004146
004233
006880
001566
006802
002069
000227
003888
002055
003446
004939
004802
001196
006584
000880
005597
005636
003463
001219
005583
005823
005183
004523
006776
004176
002842
001238
003789
002192
001829
001698
000608
004428
006835
000464
003213
004703
005022
005424
002199
003188
001258
005701
004951
007285
006120
001312
004820
007259
006644
004760
000507
002582
001277
005657
004238
004043
003457
003117
000842
002996
001832
003205
005842
002852
001090
000898
000456
001993
000905
006149
006748
003592
002655
000678
004765
006683
005993
006763
006518
003439
002608
003452
002938
005478
007370
003817
004865
003578
006739
001731
002109
005884
000244
000662
000627
002620
002854
005006
006192
006550
001156
004467
001882
006787
000616
007459
003721
005904
006774
005257
002545
000856
004834
004203
000672
006599
006404
002824
000775
003674
003928
000426
002061
000075
001327
005295
006705
000185
001593
005154
000851
007153
002624
002256
005346
006310
003546
004461
001041
000241
002684
000818
005406
004727
005563
003565
000978
003128
006128
001166
002515
002941
003893
005409
007191
005605
003451
005033
000945
005535
002591
001703
005716
001324
000026
003248
002053
004356
003026
003640
001815
004750
003104
002051
003332
004455
005990
005943
007340
004741
005193
002975
005493
001739
003610
005897
006646
005632
001474
001170
002770
005951
007140
002567
000865
004878
000057
003045
004457
005710
002132
003012
003271
003423
002513
006398
006509
002099
002522
004395
003768
006784
000921
004208
004798
000680
003803
005192
001001
002862
004785
000709
000390
004592
003733
004464
002784
005694
000233
002236
005293
006817
004258
006905
000176
004159
007251
002701
000641
002374
005851
006216
004925
003595
003867
006727
005306
002766
001736
002237
000084
006601
003685
000950
006988
005223
002884
007024
006896
003542
005644
004266
005100
001190
002401
004545
003081
004183
005310
003208
005425
007155
005966
006230
005896
000895
002498
001657
000738
002026
001601
003957
007062
003613
006566
003420
004761
006383
001949
002316
007441
006541
002808
006359
002921
004890
000934
000304
006193
001005
002213
000467
005789
002431
006392
000552
000282
000570
006986
002969
006091
000444
000710
001379
004451
000824
005463
003825
006373
005212
000900
001724
000563
001074
006466
000629
004600
003445
004495
006934
003243
000030
006171
001599
006947
004302
000730
000901
007438
001338
000584
000029
000534
002447
006142
007175
003400
002265
000954
006101
004853
004653
001044
004492
001773
005946
001476
006494
002629
001614
001494
002413
000951
005178
005578
002743
000032
006365
003021
000714
004818
000424
006598
000157
004916
002020
000531
005186
004333
005410
006707
006285
005761
005084
002105
003072
002790
002468
000996
002077
004980
005628
002449
002549
003092
000791
004052
003444
005435
005611
002676
001425
005771
006479
003773
004167
005797
002296
000441
003699
000556
004050
005533
005766
001335
000580
000313
004771
001626
006742
006919
006793
000474
005224
000088
002039
000759
003941
003761
002321
001362
005863
006303
000681
001034
003985
000549
004749
004642
005960
001440
004292
007035
007021
003078
003510
002354
002227
005850
006188
006304
003049
000470
003734
005964
002400
003772
005547
003014
004019
005989
003218
002855
000606
006020
006022
000913
003198
000069
005976
006621
001000
006325
005340
006538
002208
000425
006620
002637
000529
006397
002865
000573
005862
000034
005684
007361
004253
005035
002323
006976
004676
006346
002544
005940
000689
004507
005394
007324
006336
005723
006448
001250
001845
006056
007354
002031
004115
002494
005367
002897
003267
004014
000997
006630
003512
001231
007400
001860
001048
000431
002033
002313
006199
004372
006967
004355
006871
002660
006259
000955
000041
002146
002593
003990
002390
004500
005266
003523
005541
003953
006197
001968
000523
000180
002184
007425
001620
002198
005286
003908
000461
004870
005591
004199
004497
002886
006688
005397
003593
003590
001944
005622
006460
003279
003414
000845
005398
002589
002235
002240
005627
000417
003918
001112
000990
002288
001642
000781
000544
007106
003877
002119
005527
002273
000574
000115
006675
002191
001110
005152
004047
004390
002949
006132
001073
004882
001948
001482
007045
004044
001789
003123
002358
004937
002203
000243
003639
002899
004510
002395
004883
001483
003896
004779
003566
003513
001753
001452
001530
005374
004677
006993
001659
003818
003227
000171
004728
006984
000125
004590
003371
007124
004244
004030
006571
005848
003160
006330
006970
000222
005344
001907
005705
007386
003999
005737
005868
002040
000421
007007
007296
002782
005780
005288
006673
004781
000405
001836
001247
002834
006684
004217
007193
006320
004062
005071
000038
006902
005491
006007
003785
005209
000833
006389
001349
006523
001681
007107
005674
003876
004758
006145
001841
001891
003599
002832
004533
003917
001690
007406
003051
002588
002864
000914
007314
006511
007313
000111
005012
006064
007184
006820
001082
005798
004968
005177
005516
005096
004186
002212
002578
005929
006225
000975
001383
001646
003651
000275
003824
002318
000586
005046
005294
005858
001663
000387
003813
003169
002683
003991
002627
004614
006562
002678
004992
003335
001322
000500
002126
005501
001227
002632
007307
000638
003344
007102
001457
000814
003910
005132
004991
004809
005748
002452
007249
006295
006957
006467
006040
007114
003942
004216
005455
001137
006260
006362
002141
002205
001209
004707
000095
005088
007365
000733
000462
000285
003508
004560
004838
004198
000522
003507
002807
005666
002874
002688
007192
000303
003440
001763
005352
001812
004621
000513
002980
000502
006376
001301
007451
007404
000720
004955
005604
001910
004712
002609
002180
003586
004836
000596
002480
000937
005692
002015
002149
006704
002851
001467
000085
000892
002189
004039
000518
001405
002351
007118
003235
002065
007368
001622
007333
003644
004512
005813
000177
003329
003149
006412
003955
004024
000342
007018
001543
003380
006605
006277
004855
000663
005278
001981
006608
000861
003765
003178
007189
003256
000043
000287
003740
003020
000675
001454
002005
002634
002649
003294
001624
003390
003018
007179
002133
000073
005258
003009
002870
002379
002943
002954
004379
004897
005380
003455
001211
001319
003084
005671
004950
007094
001340
006268
004729
004602
007129
005945
005837
005846
001790
000277
003377
003438
004235
000100
000487
005824
007286
001572
003589
001644
003638
000045
002268
006257
002335
001040
003258
003862
000232
006237
000210
003911
004484
002983
002352
003760
006983
004845
005417
007051
005554
003533
004099
006690
002788
001720
001369
002016
003209
002813
004067
001769
002167
002364
003176
004664
003796
001974
002687
001541
000129
000649
001677
004601
000742
001874
005871
005119
000258
005810
005023
003486
002639
005788
006857
005512
000149
003008
005362
005097
007134
002435
007218
003744
004031
001280
004466
004267
002779
003561
003334
000576
006000
006946
006361
006137
000371
000471
005950
006718
006766
001413
003887
004772
006245
002176
005146
000857
002573
005011
005886
000316
000348
005357
007298
000998
000712
000286
001200
006318
003706
003525
000946
004017
000438
003725
002157
006929
005791
004565
001506
000959
004200
000172
005203
006736
006457
001371
002104
004135
004808
000747
005373
003848
007317
003293
005654
000592
005908
003603
002871
006138
004637
004317
002110
002302
001691
000205
005959
006141
001917
006859
004555
000178
006253
003317
002672
005348
006904
006298
003663
001016
007196
000980
000184
000092
006642
006810
004654
006886
001276
006619
007355
003602
000599
005957
002542
003686
005496
001976
005553
004169
000330
001103
005720
003382
006495
000155
001842
006328
001311
006296
005250
001916
002375
003237
005354
001052
003459
005098
003095
004006
003441
000146
000651
003646
002691
005661
000553
007070
002510
007248
004269
006224
000445
000540
005356
003097
003758
006236
005915
005682
006262
002060
005253
005314
004411
001674
002147
005383
000165
006189
007263
000936
001468
003537
005983
005831
002285
004322
001465
002281
001843
006281
006587
003309
001248
000114
006390
003863
002230
002662
005403
002734
005920
004054
001426
001175
001963
004857
001608
004035
000755
007101
000423
001747
007099
005382
003959
002652
006559
002181
003289
002317
002704
003356
007394
006952
006926
005245
001368
005116
003642
006589
001262
006932
006927
004179
002731
003930
001290
005853
007393
002459
007046
004127
001464
003041
000049
000380
002088
003801
003730
003120
006639
005171
001045
006211
002873
001806
004965
002501
001908
006721
002444
002471
003311
001580
005866
003587
000054
004646
004661
003757
002823
001165
002377
000758
000433
004037
002297
003534
004840
003585
006851
002923
004670
005646
007363
000739
005815
000276
005734
004957
000743
000886
007306
004537
005752
002843
003551
006883
004477
004056
002006
004880
000449
003314
002738
004297
003244
005228
007226
000919
000516
006631
006840
001686
002965
006092
001414
005123
002622
003994
005468
004351
005508
001688
005774
005039
004884
003138
006081
003745
004506
007341
005621
000271
006205
000138
000325
000160
001459
000724
000762
003139
003253
000166
003017
002998
001896
002714
006680
004754
005620
005543
002535
004212
003040
002470
005211
000410
003285
003839
005457
000238
004274
005396
002092
006838
003154
003499
002803
000164
001515
004459
005770
001556
004182
002907
007206
003477
003278
004070
007234
002210
002241
000787
000924
005833
005758
001093
007429
006358
005092
001351
003505
005428
006402
004515
005384
006567
001320
006998
000871
000799
003548
000582
002946
005210
003713
006241
001023
002771
004702
002083
006500
000162
006079
004625
007239
000080
001906
005238
003939
006492
002388
000633
002956
002324
004940
001348
003321
006539
004619
002605
006341
005433
006284
000189
001558
000074
004410
005670
006878
003741
002116
000711
007181
007417
005593
001400
001761
004427
005470
000828
003348
002430
006554
006017
003821
006949
005393
000082
003196
003077
007305
004795
001473
006706
006124
001581
006430
006455
003732
004805
007346
000526
002195
001151
001085
005401
006921
001500
007241
002274
005599
006966
002214
002795
006015
005875
004794
004789
002719
002756
004544
005722
000989
006665
005420
003303
001309
001486
003241
002777
003570
004984
003069
005624
004571
002148
007444
007170
002597
001668
007097
000995
006606
002592
005574
003780
000259
000557
004310
003079
006510
001240
003829
001009
005305
002098
004320
002484
003268
003742
004276
004463
007454
001775
001361
005361
002566
005089
003098
000676
000375
001865
004719
001679
000656
000793
000664
005877
007399
005942
004911
002421
006662
001821
007123
004554
001957
001087
002252
000245
005283
004997
000817
005870
000208
004386
002929
003895
006591
001894
001299
002751
000777
007465
005778
006579
005928
001827
001003
001578
002361
001649
005285
005490
004826
004325
002150
003581
004913
003978
000858
002482
007392
006319
000666
004380
003416
002785
005585
000458
003665
001119
005847
006996
001456
001839
005759
004643
002849
000163
006527
000686
006090
002355
000864
005388
002555
002312
005767
001531
004180
006231
005376
003220
000883
000891
004812
003460
001849
003783
002968
003215
003083
003168
007338
001364
001728
004593
006572
005020
001315
004550
005129
002373
005953
002412
005775
003270
005992
001434
003263
005979
002658
002416
002869
003433
006184
005076
006972
001938
001830
000719
000198
005614
006094
003119
001462
005300
006600
005519
003799
004505
003166
001673
000987
005438
007476
005629
007257
002647
002559
004975
005016
002514
005358
001392
000888
003579
005890
003016
006350
003696
002389
004102
006622
001695
000353
002670
004538
001779
006769
007002
006072
006112
002084
001987
002571
000830
000632
003556
005043
001184
003912
000794
000097
005102
006842
005579
003722
000868
003664
004499
004090
000538
005506
005235
000256
003108
000813
001950
006536
001420
004328
005215
006323
003286
005792
000908
002032
000154
002322
002466
006924
004358
002913
006564
000220
006293
003260
004964
004899
006109
002096
006985
006610
004561
000763
003057
001523
005773
004945
003391
003861
007390
007334
003612
003195
002802
001766
004796
007197
005991
000127
005715
006893
005232
003245
003336
004219
000532
006722
003819
004912
002023
000103
004854
007223
000109
007264
000435
004755
005395
002211
004662
004347
003105
006242
004552
001796
000575
004417
005027
006801
000145
004139
006422
004704
005568
004869
000703
005779
006652
000193
002178
000209
004967
001519
003234
007216
007452
001912
000338
003374
001550
003387
006065
003951
002524
005392
000637
003983
003625
001947
000439
003882
004078
001181
003628
004023
006051
002918
001734
006699
000925
001185
001433
006526
005150
003291
006522
000206
005247
006979
005259
005000
001028
005836
000603
004262
006617
006129
002406
005480
007321
005564
005492
003717
002270
001879
003392
000326
001313
006375
006443
003925
001098
004922
002047
003111
003776
006823
000267
001737
004046
001935
005451
006374
006975
002910
003710
002271
004543
003670
000825
005686
002247
004558
003015
004736
005083
007414
002024
000685
005696
001958
005524
002904
005665
001496
004583
000317
005165
003526
004261
005106
006006
004786
003454
002289
002774
003185
007308
003838
001864
003476
002857
000337
004165
000368
005324
006292
001394
002095
004747
004283
002487
000384
002175
005608
001049
001366
003472
001648
004170
000764
001672
005663
005838
003398
001570
000505
001358
005902
001700
001748
005934
001655
000465
005637
003121
007387
001423
000520
006458
003333
006201
007408
006661
006035
004605
004780
006299
005711
003675
001544
000598
002059
004696
004053
005937
006382
004106
005207
005208
004524
001061
004977
000622
002551
005898
003615
002648
001636
004240
006025
001460
006155
006920
002443
002489
001584
000623
001548
002952
000646
000726
002769
006480
003617
003349
007126
002898
006861
007372
000671
003591
000673
003068
000783
002064
000695
002485
006089
005107
005030
007073
001609
001205
001632
003700
000701
005954
005231
000744
002671
005825
003560
001422
005131
003437
004389
004229
004536
005031
005408
001725
002780
001220
001611
001692
000770
006894
005418
005059
001169
001529
003927
004674
007269
002267
006653
007231
003967
001406
002689
000827
004073
002493
003307
002030
006294
002837
000947
003997
004361
004103
004564
004973
003922
001029
002618
001033
003786
004093
004731
003770
002868
001902
001057
005526
002643
001124
001091
005808
007362
005005
003059
002342
003085
002360
001161
001300
006892
001174
005567
006799
005301
001208
002718
001256
005924
003823
001323
001444
006941
004247
005317
002226
001449
003989
001509
003797
002554
007150
004147
001540
003774
001568
001571
002249
001777
002799
002408
002829
006021
006654
001811
002402
001911
004514
001970
003974
007017
002117
002410
002456
003849
004192
002507
004733
002617
006337
004915
004723
004594
006830
002739
004346
004400
007159
002860
003277
002927
006750
007147
003576
006308
004012
005888
005817
003858
005835
004308
007036
004597
007077
004901
006795
006502
006935
001027
004121
004835
007122
000081
001450
004456
006190
000878
004706
003814
001063
002188
006265
006874
004576
003005
003899
001717
006473
004175
004852
000635
002760
004501
003000
005093
001881
003914
003769
000195
004040
001818
002056
005390
006771
002681
001802
003827
001824
003403
003841
000561
003136
005311
003495
005299
000536
003897
002094
001111
003469
000454
003450
005949
004737
002391
007377
005377
005147
002951
001617
006343
003106
005244
003854
004048
000481
004068
000468
002917
003934
005638
001331
001213
000108
003630
007235
000897
001118
001750
005313
006829
002603
005676
001727
006626
002308
005101
001711
000931
004329
000237
000893
000659
004490
001516
005787
000630
007133
001885
002165
001352
003251
006756
006574
005997
005167
006512
000409
000204
001660
001892
006464
002337
006803
006417
004699
006213
002037
004117
004129
006741
000702
005113
005938
004083
007056
005857
004726
003553
005237
005308
001869
004132
003608
001305
001075
001945
000583
000004
006446
004374
001387
002914
004314
004725
003165
003118
001167
004630
006287
002248
000143
001304
007042
003645
005338
006282
004377
005155
007439
005852
007221
000394
003126
001752
001940
002867
003977
002833
002598
006010
005939
006219
002828
006415
004658
006229
004863
005080
003412
000128
004898
004415
000974
006247
002885
006436
005984
004191
005785
007098
001774
000879
000803
000560
001154
003366
006964
001218
005342
001712
000307
003873
005236
004746
003916
004611
006339
000979
003496
006962
007078
007374
007199
006046
000372
006603
003217
006913
005841
003539
001173
004581
006760
006634
005473
005582
000001
007052
007345
002113
003726
005343
004574
005565
003275
003643
006782
001281
003027
000722
006712
001807
002630
007125
007287
006481
003422
006651
007456
005912
000949
001787
000203
000613
004402
005856
002525
004698
002170
005323
005921
005484
004956
003611
004284
006791
001463
007229
004693
003794
003347
003428
007434
006738
005055
006714
004738
006586
004285
002722
001884
002645
000642
000137
001050
004077
002836
001053
001569
001675
006542
003692
004215
006116
000948
001255
002280
006042
006036
001245
001356
001537
000489
000611
001177
004998
006477
000555
007120
003046
006944
000281
004011
006405
005859
004534
002840
005316
002744
006713
004042
001236
001115
007168
002628
000811
004081
004530
000268
006267
001920
004647
000399
007103
007006
005727
000207
004806
005873
007238
000479
006529
002483
002307
004435
006380
005878
000854
003402
002163
000023
002008
001762
005922
006876
006340
001524
005271
007397
006491
006737
006442
003775
001485
000812
001480
003682
005536
005194
006906
006038
004126
001627
006747
000748
004917
000767
005268
000984
002325
006711
000360
006693
000122
001507
006168
001461
001854
006280
001808
003945
006377
005944
003943
007453
002121
002284
006023
000940
002115
003616
003054
006507
005538
004480
004573
003033
005476
005068
007079
002844
006715
005028
002883
002353
000347
002432
003600
005985
003453
000943
001149
003250
005153
005141
002569
004705
004995
006604
006887
004718
000807
001511
001997
007130
004776
000265
006696
002017
004210
005041
005158
004335
007049
005581
001527
003088
001684
001983
002320
000682
006677
006900
001135
006816
007212
001155
002127
003635
001783
001242
000002
007304
002036
002995
007076
005805
006521
004861
006348
001235
004618
004438
001489
003161
001025
002997
003448
003292
004873
001271
002657
002686
000094
007082
001619
005307
005978
006819
004224
005969
001051
004655
001375
007080
002499
002019
001900
005121
001395
006596
001437
000568
004783
005601
001635
002329
001353
005894
005219
006592
000769
005197
001019
001176
006930
006357
003202
000278
002675
000396
003082
003762
001014
000499
001567
004305
001259
007072
002877
004429
007115
002411
000005
006061
004773
002220
006270
002457
002585
004931
006701
006406
005699
004008
005883
005477
003798
006351
004059
003127
007172
004423
001253
003543
004958
003052
005765
000302
003881
003920
007382
006664
000517
000006
003669
007244
004494
007433
003080
004816
007426
005596
004777
007466
006182
001332
003859
001129
003883
001597
002806
005972
005459
000478
006506
007405
001448
001831
004298
000279
004763
000250
006013
001268
006039
003907
007463
000175
001521
004091
005036
003094
006891
006360
004868
000430
002079
002022
003062
003520
001260
003066
002277
001411
003226
002118
005179
004831
000252
006030
000991
005227
003399
004350
001555
004650
001670
000863
006269
001985
006302
000849
003624
002054
005821
002971
006679
002131
004632
006797
006043
003584
001084
005385
001153
007258
005879
002685
004888
005600
005687
004130
001781
006014
000335
003087
003103
007380
002902
003874
000983
000008
005140
004158
005139
004439
006850
002004
005577
000355
004732
002783
000402
000340
006002
004242
000619
002376
001284
004710
001887
004299
005233
004345
004280
000894
001886
000315
000078
002982
003038
000852
002034
005415
002359
002534
003110
002218
006674
002366
005001
007214
001273
000077
006454
001606
006115
005672
002606
004458
003879
007165
004848
000025
000126
005441
004421
004373
000969
000450
006233
002905
003483
000354
003153
007336
000545
003738
004974
005745
005854
007037
007176
000066
003998
001932
000952
000459
006332
003350
000648
002246
001996
000182
000976
003478
005004
007246
000476
002276
006425
000728
000491
004434
005955
005586
000566
004620
003756
004829
006462
000473
005975
000670
003705
003747
004672
003658
000717
002621
005347
000272
000314
002993
003430
007068
003961
007423
004450
003771
003524
002612
005458
005820
005319
001217
000321
003604
001377
002027
000408
005576
001582
001778
002093
005736
002239
007376
007311
000173
001495
006371
007059
006096
000061
007343
005887
007010
002916
005032
005349
004895
006125
005708
002511
004452
001002
000293
000624
004087
002726
002428
003557
006767
004983
003207
005369
005743
007469
000015
005086
006475
002386
002613
006083
004989
000679
003047
007464
005812
002889
004055
006070
003924
002393
001070
003552
003683
003718
005714
006703
004149
006828
001198
002440
006424
004327
006745
007412
001931
005472
002800
006444
000595
001106
001307
001853
006427
002348
000147
002206
002045
004665
006937
006578
001046
007375
005336
003133
000571
002073
001667
003074
000336
001549
007202
000251
002362
007420
000048
003511
004954
006210
004825
004487
001267
001795
001207
003487
006071
003763
007136
001972
004223
001008
003753
006488
003728
000911
004963
003880
000923
002091
003492
006908
003306
002315
003805
007201
000826
000961
002725
006395
004745
001101
004443
005467
002526
003229
000422
000559
004321
005617
004722
001776
002640
003480
006478
000964
006176
002944
006613
002477
001525
007161
003233
003723
001419
001355
004588
006980
003739
004562
007319
000190
002892
005905
002042
005510
004349
007410
005170
006088
005434
000496
004474
005910
000341
002243
006818
001822
003688
004425
002775
006872
000118
003632
000971
001693
006832
006122
004532
001132
002709
001193
002502
000727
003393
007198
005172
005933
001018
003019
002575
003852
002890
002463
005206
003011
002942
001702
004294
003847
003373
002365
003647
005740
003671
005479
001732
000823
002415
001771
000844
004162
007138
003631
004118
003820
006114
006185
005021
003073
001615
006516
000019
006563
005664
001545
005450
001261
004110
002937
000356
005279
002900
002183
005341
000140
000020
003355
002158
005514
003255
006275
005040
002876
001163
007442
002495
002500
001127
000667
002728
001342
007330
006898
006901
005819
006558
002068
006244
006445
006393
002810
003932
005783
002384
001995
001594
002479
007112
002035
000239
004309
006305
005404
007300
005221
003145
001006
005731
003962
007187
004531
006868
004570
000706
005267
000194
001729
004529
000183
007275
004363
000493
000782
007409
002001
003010
003180
002111
000102
005128
001365
005350
002570
002002
007065
001451
007450
007063
004249
004790
004036
006515
000838
007384
004881
003582
002959
005962
003443
002830
000564
006732
001099
005230
002029
004935
006754
003352
005180
001862
005906
003022
003242
005613
007395
002078
005034
005747
004307
003515
007048
003712
002805
007283
006266
005095
004526
001026
002568
000926
005372
001183
002562
004398
000644
006028
001012
006246
006755
003281
002330
006917
002729
003190
000420
006709
000053
001867
002669
002757
002602
005907
001097
007401
000174
002903
004281
004143
006914
004226
005673
006085
006553
003316
006692
000107
002392
000247
005423
001872
001645
006440
007131
007402
000031
002100
000546
004168
005135
003265
007217
001656
003076
006936
004721
003266
003707
005570
002382
000740
005889
002383
007032
006982
005486
001096
004636
003909
006772
006885
000040
003109
005105
000920
000269
007225
006321
002272
004004
007117
002772
005255
000116
005144
004033
001800
007091
002130
004502
004260
003778
002196
006669
002861
005551
006764
001587
002112
005784
000548
006026
004222
002858
001868
004711
001274
007256
006778
007000
005289
002049
007177
007299
007407
006734
002422
007232
006093
001042
004962
001380
006695
002367
002462
001141
001114
004764
006534
002414
000922
006306
001573
006837
003938
001592
003313
001610
002948
001733
000639
001179
005843
004905
002586
007067
002497
001254
005876
000266
000352
006016
005014
004948
006612
000062
007233
001560
005188
000021
005090
006117
003061
000211
004814
006050
002745
002232
004520
000415
001721
000958
007033
002677
007398
000736
004716
001415
004370
002746
004953
001372
003986
006597
001134
004483
001123
005379
007349
000528
001820
004337
006611
000201
001187
007277
000614
006027
004163
006843
005970
004549
006416
006333
003677
003490
005371
001825
006866
006882
001710
002962
006725
004092
003254
004063
003746
002978
000915
007169
004164
002233
002841
005982
004188
000419
005557
004277
003659
002201
007364
004010
001794
004288
007273
006312
001481
002584
002260
007449
003528
001603
004254
001565
005728
004138
005164
006670
002540
004447
003341
001705
002142
003471
002796
000756
002139
001287
000246
002947
005214
007396
000876
000170
001741
002314
001937
005952
007475
002397
001828
002295
007360
006202
000745
000527
006943
000391
001764
005058
000819
003048
002644
006154
003055
006045
002794
005191
000386
004682
002581
002123
000404
001158
005680
005498
006853
002151
004832
006773
001616
006238
004686
000558
000369
004342
005893
002461
004756
005855
001893
000985
000768
004107
002706
001446
004475
001104
006497
003488
001347
002752
005366
001625
005986
006344
002293
002140
000351
004694
002173
002572
001858
000357
004318
003872
001576
005913
007162
004742
000427
000236
000805
001469
001244
002930
005229
000956
006144
001533
006127
004214
003035
004981
005321
002387
003563
003137
004743
005700
004843
004209
004517
004243
000345
000024
003812
001291
000492
001928
004195
005138
000047
005811
001991
004769
003735
005053
001742
004519
002290
002486
007008
005431
005981
004275
004016
002182
000869
005260
006048
003214
001942
006953
000800
004270
005067
006852
001697
004715
003781
006041
000669
006856
003996
003807
002960
000752
005542
004248
005073
007352
005573
001855
003622
006637
007468
005839
002492
006394
006423
003187
004100
002604
002347
000572
004993
002600
003216
000725
006345
006789
001514
000850
002044
001195
000248
001306
006008
000098
005685
007274
002894
000600
002711
003239
000967
006658
001564
006928
002599
007015
005706
004153
000168
001292
004914
000700
003401
002580
005328
006465
000655
002765
000542
004547
004336
003834
003419
006854
005143
007061
002010
006001
001989
005063
000027
006593
004202
007055
002758
001152
000437
006582
005925
003788
007180
000904
006973
006452
000932
006250
000873
002346
000657
004615
005725
005566
004101
001934
007381
005275
000503
002717
002074
001350
000716
002228
002764
001943
004009
004591
002370
004003
001363
004303
006577
002224
001442
001226
002961
001269
004113
006569
000231
001538
004282
000059
004644
000750
002924
005474
001257
003964
002298
004582
001095
004089
005704
003558
006524
003112
004867
004403
005709
007227
002653
002336
003322
006439
003629
001346
004568
006723
003950
000451
005447
001251
003305
000877
002166
003702
004612
002577
003655
006136
005256
007022
002804
001890
005782
000033
004683
006551
000658
004278
001039
002258
004105
004220
000610
005603
006863
001704
006811
006173
001546
004839
003535
003425
002319
003385
006555
007279
001058
001076
003272
004001
004104
004680
001398
006133
004152
005958
000841
000721
007110
005735
002881
007084
007278
003491
000452
004850
002556
000650
003181
007331
005309
007164
006286
002425
006997
003179
003878
005649
005322
007419
006785
002713
006316
001542
004649
004000
007205
000235
004256
001094
005297
004907
000413
000521
004383
001359
006623
003583
007038
002631
001536
002619
007016
005619
002021
000916
002749
005448
001967
000319
004124
000329
004556
003259
003318
001145
005786
004947
000042
000589
005827
000917
000216
000035
004673
006999
004791
000106
001435
006761
002038
003750
003470
001133
005077
002283
005807
007240
003937
007157
001517
002814
003302
006484
000376
000506
005712
001318
006698
006786
001143
006762
002977
005911
001719
005555
006884
001786
007445
004669
007262
001844
000229
006895
000804
005528
002506
004108
001216
004131
004596
004697
006561
006012
006643
002011
006667
002215
002690
005213
005222
003129
005405
004599
005642
007030
005587
001755
000792
005325
002991
003447
002025
000440
004927
006858
001658
002702
001131
003715
007385
005334
001172
002988
007083
004799
001751
003300
001952
002286
005262
004891
001148
000104
004064
007247
002420
003367
006590
005375
001936
000569
005963
001275
005062
003689
006759
004864
002925
005926
002985
002304
000939
002013
003058
002625
002661
005571
006288
004460
007415
001851
003484
002356
004401
001585
001552
006324
006548
006062
006751
003970
005829
006058
005079
005494
000485
001557
004348
000660
004782
002893
007403
003308
004651
004251
007215
000312
007028
003456
005659
005677
003503
001629
007074
000242
006808
005660
000885
007430
002103
006353
006098
005822
005045
002696
000385
001234
000766
000973
003280
000696
001147
006881
003182
007089
007470
005698
003467
002460
002801
004817
006195
006560
001665
004892
004393
001376
002827
001333
003408
001662
001443
005136
003325
005777
004700
002439
005330
006938
002057
006103
006659
002128
001980
006381
004444
006095
002490
005793
002048
007294
007261
006576
004205
004038
002773
002878
002442
001591
004228
005109
001086
000884
004739
000188
006720
002590
003252
001562
003006
006435
002087
005589
002787
007158
006126
005616
005741
004160
000063
002957
006146
004717
003067
007447
000443
006031
003357
006057
003406
000907
003811
005556
005531
003257
005800
004813
006556
003102
002880
004988
006317
005315
002255
006388
003860
005184
003032
000754
004293
002594
004932
006107
004846
005639
007413
000801
000343
005515
006161
004174
002786
002137
001116
007034
001666
006167
003358
005602
002543
001478
004640
006945
001929
004311
007371
000401
002169
006169
004667
001180
003319
003653
003885
004430
006273
007182
003394
002541
001797
005481
003764
001182
006530
007132
007166
000704
000309
003894
000223
005618
006198
005026
002254
001801
004904
007342
007267
007027
005127
006519
006968
006110
002797
001178
006765
000761
002372
004685
002928
000328
007178
003225
004874
004979
000089
004051
006990
000734
005276
003808
005631
000510
006758
003228
004966
000382
004391
001919
004290
005120
004154
004513
004542
004122
001241
003956
002935
002945
004946
004301
007088
001508
001412
004213
002101
003662
000463
006301
005368
003711
003395
007149
006796
001765
003410
000311
001458
007309
004206
000912
000626
006628
005010
004472
006391
001445
007144
006822
002911
003417
003497
006632
002419
006731
002488
001631
005794
003482
000472
005333
003337
007194
001856
005241
002673
001055
006525
006370
000615
005072
001035
004424
004689
000436
004171
000050
002138
004902
002831
005881
002974
000809
003661
000694
001848
001535
001926
003283
001224
004007
002789
001924
007260
006588
006798
004157
004418
001579
006123
003902
000802
004221
006003
001979
006625
004032
005668
007462
006067
004610
006366
005074
005166
002161
000708
004098
001388
003194
000795
000234
006960
000475
000186
003141
000486
001722
001602
007014
004137
005182
001303
006870
007019
003236
000361
001909
005217
000963
005927
005013
001522
006844
007031
004155
002251
005505
005360
003192
005430
006922
003866
002692
003353
001136
002747
005337
001861
005125
002433
007135
000159
004810
003708
006815
007435
003056
006403
003531
006054
000378
002674
002209
007210
005717
005523
003172
004766
001621
003923
001199
002225
001102
004406
004985
004300
003958
007174
006950
001232
003203
006208
002953
007071
003931
005453
003159
003338
004433
004770
002332
003716
000847
006770
002818
006272
006232
002474
003298
007440
004626
006649
006570
001230
002338
001438
006204
005149
001071
005909
006068
000674
002082
003124
004999
007100
007163
003301
001701
001330
004289
003719
004148
004388
002446
003409
000135
006508
005242
002219
005751
007353
002505
002848
004708
000197
005312
005634
006102
006300
004859
003304
004753
001317
006409
003434
004609
001043
002085
007011
005163
003891
002473
004585
001682
001634
000684
004652
001270
000429
005176
001140
000161
007026
003107
001139
006047
007422
002177
000052
003224
006106
006655
003690
007087
004156
005002
003980
007242
002748
001021
005703
006033
004926
001015
003609
004862
001859
007344
005218
004679
000199
003787
000058
007005
005162
006163
006187
002638
001941
006066
005038
001583
005251
005049
004096
000226
006987
006678
005901
000212
007081
005461
007424
006833
003219
000737
005145
002853
005103
006368
003004
000393
005729
003901
002340
001011
002423
001852
005625
007315
003521
007003
001683
006052
004943
007069
005426
000346
003288
006005
004207
005803
003984
002812
005381
004045
004462
003407
003802
006897
004241
005190
001294
000590
002503
007145
004896
006710
006638
007208
005947
003822
001125
006483
006097
004748
006060
002135
000692
002050
004360
005996
002730
003676
005487
003915
000953
002028
001077
006356
000373
001237
005189
000691
001969
003386
005695
003782
004787
004496
004909
000392
004800
004622
006468
003779
004830
002450
006034
006342
006535
001699
002976
000875
001596
003053
000519
006474
003864
002737
007323
003633
007266
003618
004990
006156
006602
004691
002984
005280
002398
003167
001108
005762
007325
004822
004326
002357
005427
003211
005580
005630
001780
004095
002454
000284
001709
003736
002102
006338
003310
002615
000751
006660
001416
003170
003370
002846
001065
000455
006426
001633
005198
000729
006315
001643
006549
003621
005057
003474
000117
002185
006879
004851
006077
000169
002455
002216
003975
003898
002399
003043
006186
006942
001078
004541
003030
002380
002845
006532
001746
007458
004493
001391
002826
000397
006992
002558
005757
004232
006322
006753
002168
005386
005024
002257
001389
005948
003197
006379
004934
003240
000554
006568
004920
007047
004196
005595
005449
001246
002815
005903
003150
003001
001513
003375
000771
003065
001466
001286
000765
004338
006744
002124
005075
003114
000495
004074
006496
004944
001308
005482
002999
006396
005790
004291
000366
004414
006407
003368
003296
004362
002574
004384
004720
001714
001188
005633
004422
007347
003527
006813
003856
002245
001289
001069
003071
000151
004185
005064
003404
006433
001600
005495
003183
005511
001266
003156
005112
004065
006196
004804
004692
006118
002014
000333
000134
000448
001022
001640
007326
006024
000124
002076
001877
003426
007359
004567
007473
000383
004788
004330
003489
005240
005110
005168
001295
002565
007255
003148
005763
001888
006276
002626
002531
000889
000428
001589
004109
004250
006075
002327
003324
001487
003793
007290
004367
005994
000153
004085
005078
003667
006994
001384
004768
003748
000224
001427
001654
003421
002994
000263
000290
000324
003331
000398
002693
002159
006151
002763
003571
001088
005559
006215
001421
001191
004482
006451
005760
004508
007288
001574
001782
000365
006666
007154
006676
006411
002478
006873
003024
001984
000381
006228
003134
003162
006222
004469
001228
000407
004237
004986
004849
002429
005961
007271
001927
003835
004807
004815
007322
005445
000779
005292
004437
002089
001905
004079
001066
003926
003144
003411
000414
003504
003607
001239
005304
003090
004189
006086
001386
004489
004589
006583
005988
003232
002707
004924
000874
006121
004142
002663
003199
002666
006139
000966
000625
005532
005226
000928
002742
003502
002310
000477
002287
001817
004470
003315
005899
000604
003649
002334
001982
007448
005801
000509
001846
004797
003981
001547
006029
005017
003177
001397
005124
000746
001374
001923
003295
001314
000862
004976
006486
003269
005329
006807
001113
005683
001758
004521
007310
002108
001189
006258
001497
004587
001206
001966
001689
007477
003247
005806
003703
001835
006656
004724
001272
004021
007023
006903
007272
004049
003330
007327
001431
003221
004323
007351
002811
001804
002767
002875
006685
003969
004949
005540
005724
004136
002529
005746
004634
