001994
002888
006164
000130
005142
007075
000789
000000
003947
007111
004060
004559
006347
007378
005956
000003
006487
004272
004432
003575
007060
001215
004225
007460
000096
007282
002122
000821
004879
005768
000215
005351
001455
003023
000705
007281
001157
002436
001816
003262
006119
003363
001990
006708
004097
005263
004408
007213
002703
000836
006544
002070
005009
006702
003949
004382
005814
003846
004144
001326
004296
005651
004784
000585
001436
006004
006757
000652
004264
006335
001956
000349
003485
001696
001918
003091
001791
006717
001792
003388
002464
005060
006290
006367
000855
001671
002939
006428
003501
003976
003963
006616
000406
001080
005509
001803
003619
005355
000253
006743
003698
000009
001447
001402
000219
002679
001490
004020
005742
003362
006461
002576
001973
002950
003036
004645
002301
004872
005118
005353
003493
006313
004436
000221
005548
000007
001479
000200
003919
006447
002650
002217
006254
001760
001168
005117
003282
006826
002987
006264
000150
002231
001518
004227
001341
000292
003871
001847
005521
007152
001738
003968
003650
005518
003626
003936
000815
002114
005995
001799
005339
000071
006545
006740
000929
003264
003509
005195
000344
006162
001914
006476
002125
004690
003157
000374
006203
004022
007379
004359
007001
002992
003184
002311
005370
003935
001373
003212
006501
003845
000597
003274
005832
003988
001735
005029
004409
003903
001302
005051
000280
003320
001743
006839
003064
003532
005111
002263
004681
004778
005440
006746
004366
001418
002003
004234
003328
002970
006824
006178
004579
000609
002697
004701
004751
000497
005126
000547
001285
001417
007209
003389
003413
005830
002523
005104
000120
002872
002698
007050
005607
000539
006940
003795
006251
004445
000688
002817
001520
006867
000697
000550
006821
000994
003749
007185
002972
000010
006888
000903
006143
005513
003383
002394
007143
004606
005066
002989
004344
001676
005018
001038
005216
001475
005537
001367
005730
004518
003327
003541
006191
001618
005327
006963
004076
002579
004471
007357
000511
000358
002129
005732
003833
003806
000757
001062
005844
003840
005529
001024
000867
002041
004166
003681
003113
006157
000055
000753
006648
001559
003514
004793
003381
001678
003660
000110
001922
005936
001492
001453
001223
006399
006329
002326
001723
003567
003093
006408
005464
006834
003704
005160
005399
002733
001293
003147
002407
001142
005764
002067
005087
005411
005407
005974
005488
007335
002716
001493
007428
003186
003672
004684
004572
003648
004663
002090
002986
006150
001883
001623
000977
005442
006489
005530
003299
005173
005648
006055
001201
005697
006180
000887
003577
004193
007388
000442
001059
006663
005606
005772
001212
007151
001955
003857
003384
003075
002664
001826
006831
006170
006099
006018
000992
005114
003140
006256
005688
000488
006969
006809
006827
003238
006179
003206
001788
004265
004837
003921
006627
000254
005137
003666
000068
003369
004971
003564
000142
003784
006082
000797
007446
007301
000412
005270
002275
005061
000780
003929
007195
002762
002465
001964
004194
003792
003359
007203
002595
005281
004218
001661
005891
006011
001505
001409
001992
007254
007156
004757
004094
006645
000910
006700
005248
001404
003687
006728
002339
001229
005738
003143
007116
000631
002426
006848
007312
002607
005503
006032
000749
007141
001498
006724
004819
004635
004876
000300
000993
004145
003538
002448
001491
006387
004675
006543
001032
006580
003468
002472
005861
001503
003273
006939
006991
006418
004623
000715
003791
000890
004413
007128
005816
007432
003418
003345
000064
005254
003815
007105
001064
005475
000400
001403
001965
006049
001510
002936
000962
000012
006513
006108
006463
003290
005400
004801
004577
001639
005204
001128
005303
000482
003070
000148
003458
002363
001047
001390
004563
005483
007348
004204
000158
005667
002190
002561
002778
002278
006974
006363
005968
007356
002768
001159
006499
006459
004141
007211
001072
003673
005592
001961
002665
003729
000017
005507
002097
004987
007373
006235
005225
004151
000013
001282
007332
005446
005678
005130
000786
005941
002776
006209
002882
000707
002491
006223
005456
000835
007293
007220
006485
004535
000056
006327
001109
003752
004365
000141
003475
006309
005402
000687
004201
003125
005756
002642
004075
005549
000202
002396
004539
005331
006730
002659
001975
004133
005047
006615
000014
004279
001004
004416
003189
003522
001298
006217
002467
002242
001202
006384
002066
001385
001408
001321
003427
006691
006252
007461
001730
002417
003714
005726
005302
003940
001871
002759
007113
005809
004522
000654
002154
000607
001798
000565
002238
007455
002186
004354
000820
000434
004448
000255
002909
000653
001399
003191
005502
000593
003987
005702
006865
002475
004441
001793
006456
000933
007472
000968
006289
003680
002932
006207
003354
005205
000322
001756
005187
004656
002835
006790
003431
003597
000016
004018
004341
002614
005412
002596
002172
002381
001310
003844
001895
000105
002253
000051
000490
007457
001850
004431
002940
004286
003246
002371
001652
000972
004617
006255
005721
000501
002819
005615
007013
003933
003966
004923
001595
001060
000296
006958
006432
000514
000067
001687
000091
002533
002859
001430
005169
007020
003360
002264
005261
000602
000079
002926
003606
004641
003545
002791
001472
000713
003906
000131
001532
000018
002654
004236
004245
002547
001470
007171
004908
007316
004919
007058
000121
006775
005750
006911
002481
001913
001030
002825
005675
005462
000367
003790
004910
006234
002222
007285
006311
002204
001130
001283
000834
002518
000608
004468
002732
000466
001698
005823
000022
006931
000464
003223
006776
004442
006584
006802
005252
003463
003724
003213
002736
001561
001563
005701
005594
005980
005641
005895
004856
005636
001197
000776
004428
003636
004176
005085
005202
006880
002512
005500
004847
006657
005183
004233
000839
004951
004703
007474
001204
002199
006019
004613
000227
004802
004146
006206
001829
007471
003789
006916
004446
001196
003540
005485
000880
002469
001953
003044
001809
003063
002269
003188
006835
002887
001219
001360
005655
001017
003376
002842
002055
003158
004112
001899
002343
007057
003518
005597
000672
004798
001277
001170
004183
006037
005091
003578
003768
001190
002591
000775
002513
003731
004750
003546
003685
005842
005243
005563
004820
005346
003451
001731
003803
006896
002350
001575
007251
000176
003817
007155
002256
003045
000921
005295
004356
001166
007270
005293
006518
002784
000978
000318
005033
006705
006128
004865
006404
005716
003248
002938
004043
006774
000941
005897
003913
003205
002852
003423
005154
005406
003439
000057
003100
004785
004395
000950
004545
002051
001832
000678
000865
004727
000507
003592
002684
001833
002996
002522
006599
004930
005535
006748
000662
003867
001324
005493
006683
003332
007024
002236
001156
002515
006817
000641
002550
005193
004803
001090
000851
001126
006905
003721
004741
002741
006594
006727
005310
001669
002824
001593
003452
004211
000627
002132
004961
004203
000587
006646
000709
001736
004208
002854
006149
001288
001882
004464
006509
006763
006192
005657
002655
007370
002109
006398
000185
003104
005904
002766
000084
000426
007340
002975
000621
000616
005710
006140
004878
006550
007459
004467
003904
001703
002624
004399
007191
002061
004159
006183
002608
005192
005478
003928
001815
001041
000241
000390
005951
006644
005409
002174
002099
003542
001327
001739
003284
005006
000456
002237
004592
003128
000818
004455
002553
003595
004834
006735
002862
002401
003081
006787
000898
004760
003733
002567
007358
005644
001146
006429
005990
006113
002053
002884
007259
004258
003271
002967
005100
006105
000577
005851
005884
004925
003893
004765
007297
005993
005930
002941
003640
006142
004761
000901
006466
001079
002969
002498
007441
003957
000299
000282
006541
005966
000563
000240
006383
002213
002026
002265
003445
000584
005003
006607
001005
001105
004451
007418
000029
006392
006373
006359
003326
001379
003243
002431
002143
001724
002438
004678
000552
000738
006566
002808
007062
000934
000534
005789
002921
006230
006947
007009
003613
000710
006986
000824
003875
000030
000304
005463
001805
007040
005212
001338
004316
006934
004890
000467
001949
006193
004600
000730
000629
001601
001657
002447
001297
002316
003825
001599
001939
006285
004916
004980
001638
003072
001838
003021
006365
002743
005084
000714
003444
005186
002020
001494
005178
002413
002409
002629
004492
004900
001773
000579
000996
001614
001044
000157
004333
002549
002912
002790
000424
002449
006598
002077
001476
000531
002105
000791
005628
006707
000113
005410
002468
003092
000034
000417
002009
006325
006303
004047
007425
006976
003773
006675
000544
000418
002119
003049
003590
002323
001362
005432
005367
003843
000425
003990
003510
001250
003908
002494
007106
004771
000913
005771
002886
002191
000689
006621
005286
004889
003424
000041
000180
002705
001110
000441
005723
000955
006547
001903
002855
000997
002288
002400
002865
000866
004199
004676
001845
001335
006448
001860
002296
002208
003115
004050
000781
001425
006919
006199
005224
003699
002358
004642
001866
003014
004372
007045
005611
006378
006197
002593
000115
003953
001948
000523
002589
000431
005042
001626
006538
007400
005684
001968
000845
003267
000573
006056
002354
002660
002198
007186
004497
005591
004253
005541
005679
005533
005622
005769
000529
006620
000088
004115
004066
007021
005627
004355
000574
000313
007054
002637
004870
006479
005397
002313
005862
006020
006259
005340
005398
004019
003123
000069
005035
006132
002949
003523
003512
001482
000214
003985
007035
005797
006188
002321
006742
002390
003436
005960
003918
001944
002227
003941
005394
000470
003593
002240
002544
004882
005266
000243
000990
005850
006131
000549
002676
003772
007354
001789
003734
005989
004015
001440
003279
002203
001112
001000
003877
007324
000681
006871
005766
004749
006793
001231
007090
003078
002897
005976
005780
006970
005971
002899
006877
001907
003900
007007
004244
007193
000101
005569
006330
003884
001539
004728
001530
004590
007296
003999
003371
006993
005848
002782
002395
000222
001753
006450
000036
001659
005932
005374
004781
003639
004833
000125
003086
001452
004779
004894
004030
002040
006984
003896
000171
002018
006320
003160
005737
003513
004062
001836
005288
004510
004677
003818
005414
006571
007124
005326
000421
006220
005344
007386
005868
001483
003227
005148
003816
004883
002834
004198
003824
002452
004614
006511
001082
001604
002197
002632
006295
002318
005674
000733
006069
001646
004707
000111
006523
000275
002205
000285
006902
000038
004071
004809
000432
003876
007404
007249
006007
004824
000586
004978
005501
003230
002527
000833
001301
001349
007406
003440
000462
000814
000303
002451
005096
005012
004621
006084
005798
005294
003507
003942
004991
005718
005645
007142
004080
002155
005691
004969
000502
006260
006820
000975
003695
000387
004533
001457
002305
006467
000638
004186
002980
002333
001612
000914
005666
005220
006609
006145
003657
003991
001891
005071
001663
000095
004838
003335
001227
001763
002832
005132
005320
006389
007313
003508
004381
000522
002864
002141
002223
000935
003169
001209
005046
007192
003917
005516
002126
005239
006689
004631
001841
002627
007107
002807
001690
000483
001767
004029
005491
006040
003813
004968
002683
005748
000513
004560
001322
001383
004758
002578
000500
003500
002349
006362
007451
007102
007184
003785
003051
005604
000861
001467
002065
002005
005671
006608
001543
007333
001624
000177
004712
003765
002915
001981
005813
003955
001873
001622
004379
003586
001910
003294
006605
003009
001405
006412
003644
005837
001454
001915
001504
002496
004024
004836
002851
005380
003995
003020
006174
001870
000487
004955
007118
005945
000085
002189
001790
004039
000277
000073
000342
002351
003377
007094
001988
002616
000287
004729
002015
007129
004235
003329
003589
007179
005258
003380
002536
006528
007018
003740
002480
004855
002649
003084
003256
001572
001340
006825
000518
002180
007368
006277
001211
000675
000892
006268
003249
000043
002954
003149
003178
001319
002870
004601
000045
001677
000129
002788
002167
004099
003209
001040
003796
001369
003760
000649
003862
006690
006237
004067
004664
004841
003258
002268
002611
001328
001720
002016
002813
002335
003638
007039
000232
006983
001769
005554
002687
000210
006257
003911
005417
004484
006328
004654
000258
007298
001311
005908
000484
005957
003378
004828
005264
000735
006457
007268
003293
006318
005097
002302
003603
001691
004376
007160
006886
005203
002104
003334
006857
007167
006810
002779
005791
001842
005146
005553
003498
003486
001951
007196
002639
002573
006298
005810
000149
001917
004808
007218
000959
000857
000946
003706
004135
006245
005512
003979
000348
003549
001506
000998
003200
004169
000330
007317
006766
005348
006361
003725
006495
002542
006846
006718
005654
006904
002157
005250
000046
000882
005196
006138
006175
007355
005011
004565
005871
004267
007134
000747
006141
001200
001280
005362
005788
001770
003525
004639
002176
005886
004017
000438
000092
003887
001016
000316
005950
007121
003561
005023
000742
000178
000599
003602
004637
005959
003744
002871
000184
000576
004555
004031
005373
004317
004466
001413
003686
003008
005496
006946
003317
002444
001580
004411
006390
001608
000380
002060
004257
001396
000553
005920
003289
004054
007263
003537
006559
004179
000732
001963
004387
002873
004035
003459
005403
000936
002731
001468
002652
001262
003930
002375
005831
001426
000755
003642
005661
003095
003356
002510
002662
000049
003646
005383
002708
000423
000114
002230
001630
003441
005598
006805
000540
002317
005134
007394
002459
002691
002734
006236
001747
004086
003120
005609
004616
000264
005171
007248
005314
002471
006587
006211
001843
003801
001806
005245
006291
001175
000808
001290
001052
003311
001908
004127
003959
005382
000165
003163
005098
003041
006952
002088
005253
006281
007099
000870
003237
004857
007070
004965
002501
003863
007046
004006
001370
006932
004269
003097
001464
006589
001674
007101
006189
006721
002285
000054
003122
002470
001708
000516
000271
002965
001351
000605
006358
001320
000906
007306
005849
003017
002907
002998
003037
004957
007226
007341
002714
005734
000225
004013
002092
000166
004702
005092
007044
000433
003340
003598
001896
002210
004477
006080
003361
006883
005211
001930
000886
004473
004515
000871
003505
006134
002535
000162
000799
006838
000924
003720
005508
003551
005874
007206
003832
004525
000238
005159
000160
003278
006079
004274
000447
000853
003994
003701
006248
000724
007363
006840
003040
000363
004840
002843
003477
002388
002738
002377
006500
004537
004459
005620
005770
003939
002771
002838
002297
002622
005612
006567
000325
005543
001857
000582
002816
000080
002754
004661
003244
002981
000787
000739
003314
003960
000072
004056
000164
003757
005123
003253
005238
003499
002923
006092
006241
004506
001744
003745
002006
004884
007429
003585
006160
001499
001414
003154
005469
006851
001484
004182
005693
006998
003173
000306
005468
004069
004670
000410
007366
006205
001515
004287
004351
004297
006492
000762
003839
003534
001688
001023
005719
004332
005384
004625
006402
006059
005621
005210
006640
001165
006631
005998
005039
006081
002946
004754
004940
000070
000633
002324
003339
002956
003321
004619
005670
001558
005433
006878
006341
003002
002605
000074
004268
001971
001354
000711
004795
005470
001400
006706
001581
005393
002116
007190
006949
007181
002162
000082
003889
007305
001834
006017
003348
001473
003536
003741
003060
004427
006554
005593
001761
002430
002700
002437
002592
000793
006606
003098
003268
000640
005574
000259
004412
001164
000995
004375
002719
005875
007170
002756
007148
004123
006671
005942
004805
006015
001668
006665
006430
001486
004544
002148
006455
001085
005305
007097
006218
003829
001500
001240
007444
005089
000375
002597
007454
002098
005877
004933
004276
005420
003069
000656
001361
000557
003732
001679
004310
005755
004794
003303
005624
003241
002214
003853
006921
002145
002484
003079
005722
004984
002195
001309
002777
000083
004571
004025
000676
002072
003570
001009
007241
004320
002566
005599
005361
001775
002795
007346
001865
002274
005401
000664
001151
007399
003342
001839
006965
002150
000163
000331
003155
005992
002929
000086
001315
004913
003579
002368
000864
005977
007250
003696
005767
005076
004178
004554
002751
003460
001728
006094
004386
003220
006622
005129
005020
003895
002670
006166
005388
006909
004826
000927
004102
001779
000353
005300
002658
006864
001531
001821
005928
003016
001003
001673
002389
005490
001456
002869
001957
001653
006319
004593
007465
004643
003665
001087
003263
002361
007002
006845
005690
000987
005629
004812
002355
000777
007224
007392
005967
002555
000198
003168
000817
002421
004505
000760
005953
000693
000883
005285
003783
003119
001827
001434
002514
001938
002416
007257
005614
005778
007104
004405
001894
006231
005519
000245
007476
003581
001119
000208
001551
003516
002080
006184
006350
006600
000686
003978
002482
006972
003799
001830
001849
005733
001392
006769
006261
000888
002647
006090
001578
006572
004997
006662
003270
005585
006591
005265
005865
006869
005376
000719
004877
007338
002798
005775
006527
005416
006579
002785
004180
006159
002412
000666
006564
000154
001766
004952
002322
007334
006842
006293
005232
000220
005215
005792
006610
005579
000868
005520
000908
003286
005043
003057
006072
000794
001420
000256
000087
005991
005517
001987
002084
004796
000830
003336
000538
007197
005773
001184
003245
004561
006323
004358
002096
000632
000127
005506
002466
006109
004499
000813
003743
002571
001378
002973
001523
001401
003868
004090
005715
004328
002802
005235
002032
003664
003861
003722
003195
000763
004057
001950
003612
006924
000846
003641
004912
000103
004449
001819
002906
002023
004219
006722
004854
003819
000109
000288
007223
004347
007264
004755
002211
004662
001796
003105
000435
004552
000575
000145
006801
004139
005027
006422
004704
004417
006575
001519
000193
000209
004967
007188
002178
006652
005779
003983
003842
001185
000637
005291
002918
001550
006073
001433
007321
002524
005836
003951
006526
003374
001181
007216
003392
003625
005492
003628
005499
005480
001879
006065
002270
003882
003291
000439
002667
001912
000603
006699
005564
007004
004078
005247
004262
002406
004972
006129
003387
006617
001734
006979
007452
000338
005259
003717
006672
004584
005000
006522
003850
001313
001935
006823
006375
006443
000617
006975
003925
003776
002910
000267
004046
000326
005451
001737
003710
003952
001098
003111
002047
003670
004543
002271
005686
000298
000825
007414
004371
004736
000685
005083
004558
000310
002024
000317
001357
002920
002063
002289
006006
005165
003526
003454
004786
005524
004261
001496
004583
005665
001958
003838
007308
003185
003193
004165
001864
000337
006573
007320
000368
006292
001394
002487
000384
001049
003398
001716
004747
000535
005838
001672
001366
005663
000764
002095
005608
004283
002175
004170
000505
000460
001748
005934
005504
001570
005902
001655
004580
000465
005637
006035
000520
006458
006661
007408
003121
004605
001233
005711
004696
005937
001279
002059
000598
004053
004780
001544
004106
004524
005208
002648
002164
002781
001061
006226
002723
005207
004977
001636
003615
002551
000622
000623
001460
006920
002489
006147
006155
001584
006480
001548
003617
000646
003349
002952
000726
002769
006951
006861
007372
003591
000671
005421
000673
000783
003068
002064
005107
000695
002485
006089
006585
003700
001609
007431
005954
005030
001632
001205
005231
001031
000744
002671
003709
003766
001998
004536
001169
005408
005131
001611
005418
001529
004389
005825
003560
002780
001422
003437
005059
005031
000770
007269
000784
003927
002689
000827
003307
007231
002267
004073
001406
002030
003997
002837
006294
004361
004564
000957
004973
001029
003922
001033
007237
003786
002618
003770
004731
004093
001902
005526
005007
002868
003694
001124
005005
002342
001160
007362
005808
001161
002360
001300
003085
006892
005567
001174
001208
005301
006799
003954
001256
004595
005924
001323
001444
006941
004247
005317
003989
001449
007150
002554
003797
001540
004147
003774
001568
002249
005647
001571
001777
002799
006654
002445
002829
001911
004627
002402
004514
001970
007017
003974
006552
002410
003164
003849
004192
004509
002507
004733
002617
006337
004723
004594
004400
002860
007159
004346
002927
003277
007427
003287
007147
006158
004012
006308
003576
005888
003858
005817
007036
004308
006076
004597
004901
007077
005804
006502
006795
000807
005244
000394
003351
006165
000195
001154
001707
000897
000237
006473
001808
001940
001920
007133
005984
006116
007125
000879
000940
005949
004705
004456
006364
006747
001752
005650
004140
001461
003275
004776
001450
006505
005155
006791
005944
004402
006756
007235
000555
003554
004041
001281
005437
006696
000204
002280
004126
004048
003934
002681
006190
006876
004629
004210
002694
006604
001824
001880
003841
000479
002557
005653
004714
000207
005852
005912
002121
003000
000139
001356
000748
003210
001149
005841
000480
000536
002836
006481
003873
000489
004630
006715
005985
001945
001684
006711
006741
000143
006887
001304
002755
001352
004040
002715
006792
006713
003165
006906
004746
001774
005473
000023
004893
005938
001245
005785
005068
001027
005390
004175
002353
004377
001617
004215
006023
007238
003422
004725
001075
007284
000508
001053
000560
000943
005101
003539
000360
003972
007221
002603
004738
004435
007252
004132
002432
001885
002113
003627
004364
005921
002284
004647
004501
004956
007345
006464
007302
005727
002809
003412
000379
004011
005882
003429
005856
001613
003992
003678
006415
006603
005041
003450
001711
006331
001118
005582
005284
003827
002840
006738
003126
004941
007052
003453
006219
003751
003600
007079
002885
006265
004995
007098
006380
007049
000722
002115
001892
004042
003645
002914
005377
007120
002598
003005
003366
002170
000265
006829
002337
000984
000642
001727
005536
006517
006442
006771
000372
003469
001750
002037
002165
005249
000268
005581
002525
006477
002828
003544
006339
001485
003276
006803
000347
005158
001345
002656
006340
001527
006436
004329
001463
001997
005471
000699
001577
005141
004658
000137
003682
003553
004530
007207
005378
007456
005878
003027
005565
005113
004374
007056
004187
000949
003809
003403
003890
007397
000767
003136
006046
006405
002538
003914
000001
005363
004737
003945
002630
005313
004744
006782
000601
002008
006712
000878
005299
005638
003250
005939
001802
003096
002867
006874
001213
006944
004335
001255
006849
002722
004314
004083
006760
005476
002521
002391
004480
004081
003769
001407
001507
001387
001884
006036
001762
003106
003088
000561
001218
003608
003379
006267
005308
006343
002056
004548
006512
003428
000811
003899
005342
007287
004161
006542
001516
003794
000899
002279
001480
001424
000803
004698
003222
003897
006446
000399
006650
006038
006247
002917
004699
005857
003977
000281
007130
005236
003142
004528
006386
002569
006100
002163
001869
004191
001807
005859
001818
005873
000388
000167
000630
002532
005997
001854
003601
004852
006737
006168
005268
001305
001236
006614
003519
000512
004117
005181
004693
005271
001569
005544
002760
001471
002307
006565
005282
005311
003364
006841
001501
002720
003217
001173
005922
005194
001439
006287
000108
005484
007453
000081
002017
000854
005538
004319
003726
003643
003033
007006
004806
002645
001537
006651
003046
003402
006586
005916
004490
004921
001331
005147
001588
002434
001717
002883
006482
003495
001675
005323
006369
007377
004557
002229
000974
006634
004917
002901
000979
000583
006229
006574
003616
001712
003943
004574
002891
006042
007416
007434
001167
004576
000988
004706
003916
000613
006507
006377
007289
007042
000230
000481
002686
001242
006819
003573
006860
001783
001983
002995
005307
003635
001235
002320
000196
001489
007076
005978
001619
003623
002997
000810
004224
002504
002958
005805
002036
003292
000682
002127
001432
000581
001155
004608
001025
007304
005869
001271
001051
004655
005969
001381
006900
002657
006521
001502
001650
004873
004618
001694
006677
002695
007212
006816
003448
001135
006930
002675
005296
005662
007080
003082
001437
000446
006406
003762
005197
000806
006357
002499
006701
000278
000568
001176
004931
002019
002220
001900
006977
006270
000769
004783
006596
001395
001375
002329
006061
004008
005219
002863
001259
005699
003798
002877
005883
005477
005894
003777
001567
001635
007072
000187
007253
002585
001014
004429
005121
005601
003202
000499
002075
001768
003080
003859
003669
000645
004494
005596
007466
001597
000302
006664
000517
007172
000006
001129
004298
001332
001253
003881
007244
003052
005459
003543
005765
004385
003127
004423
007433
006182
000305
006506
004816
007405
001448
003920
004958
007426
005175
002633
004777
001084
002539
004491
006372
004848
003399
005955
003094
004486
000459
007059
006806
003103
007068
005975
005001
004994
007176
004888
002239
000852
001273
000430
002118
002685
003624
006462
001555
000981
002726
005672
006278
003405
003837
005689
003066
005745
001495
002428
001606
003350
003432
001411
005879
004868
001268
000250
000491
002621
000291
000355
005359
003658
005441
004350
000252
005820
003517
006125
004345
000728
006360
004732
006269
001670
002136
004650
005489
004421
005687
004829
001647
003175
001260
000976
004242
000314
000620
000272
003110
005385
006115
003524
002511
000648
006030
000408
002916
002277
006454
003879
003038
007246
005319
005576
004280
003946
004763
005139
004942
002879
000315
001521
002612
006767
006850
002783
005736
002641
000077
001985
001344
004450
007467
002004
007343
006425
000717
000283
000078
007258
000624
000969
001823
000321
001582
003520
001002
004895
003738
005140
005577
000279
002027
005389
002131
007214
006096
000670
000182
005347
006044
001153
003828
000863
004299
007463
004688
000566
005179
007085
002366
005122
005036
004452
006039
003747
005458
007380
002534
006332
004087
005887
002982
002079
000991
001887
006797
003874
000354
006686
000173
001778
006043
001886
006679
004710
000476
007376
000450
003771
005199
005707
005600
006302
007291
006013
004831
000930
000634
003705
001932
003756
000066
005854
000335
003153
000473
000543
004620
000952
004373
000025
006233
006891
006009
001377
002054
007037
000340
004974
001781
007303
000849
001217
005643
007010
004439
004434
003430
000894
004028
002775
002243
002206
004487
001549
005510
002583
006872
004954
006070
000190
006800
002160
006847
006088
004588
006745
002944
007464
003683
002362
001101
001931
001693
007369
000718
005467
001713
002369
007202
001776
005617
005905
006925
000015
007109
000911
007412
000961
004223
004657
006441
001252
005086
002889
002800
007420
006083
001198
005434
003487
001132
001525
002709
000341
006395
006832
006071
002502
001267
006176
004963
000076
007161
001419
003753
006488
006122
001068
007469
000971
000048
006980
004027
004989
000595
002892
002477
001207
000336
000065
002091
003550
004474
003728
005082
000496
003552
007318
001853
007319
006427
004149
004349
003229
007265
001193
006703
005545
000816
006210
001667
004055
005743
003924
000999
000923
003207
000251
002526
000332
003763
007136
006937
000826
006818
005910
004002
001046
005472
005812
004327
004532
000840
006424
003805
003511
004562
003074
006478
006613
006475
004665
001972
003723
000422
002966
003632
004745
004343
003480
004740
003393
002393
002440
003306
004321
003466
002348
001355
007375
002699
001307
003233
006453
003492
002725
001822
006578
000731
001488
002071
006444
006130
001795
000147
006908
006828
006516
001192
006440
003852
002959
006563
001451
004249
005180
001365
001337
000040
001656
004918
007112
006982
000269
003316
004887
002029
004352
001594
005962
001587
006772
006537
006732
004790
002602
004368
001342
005551
005172
001127
005740
002392
006669
007198
005279
002669
001183
003352
002100
001261
005906
005673
002636
005783
001096
002365
002002
001018
007225
003712
007065
006899
004110
005664
004168
003073
004036
005345
005819
002068
002158
002272
000020
007283
007131
000053
002183
006246
001732
002896
001615
006274
006553
001545
002900
002757
007091
005135
004162
005105
001867
000090
003019
005450
003515
006244
006898
002903
003671
002384
003707
003631
000247
006764
000644
004363
007048
001645
001702
002820
005221
005731
006901
007384
004026
007402
003547
004143
002378
002856
000262
005021
002570
005404
003099
005128
000564
001099
005889
006185
002382
000377
005479
002078
006885
005747
002942
005230
001097
002568
002562
000102
002564
004531
004526
003909
000838
001729
002728
007138
002111
007217
002463
002495
001590
001526
000926
004636
004306
001339
006393
004881
003242
006868
005040
005613
003582
002805
002415
007117
006755
000356
003204
005514
003255
007450
003011
001800
001960
000019
004935
002772
003266
005570
000174
005365
002810
006028
003281
006355
002830
002575
006694
002035
001904
001265
003778
002250
004529
006558
007275
007032
004502
000194
005907
001872
003022
007409
005034
004307
004072
004172
000183
004281
006692
006515
007330
002196
006709
006305
003180
001898
002345
001586
005423
000667
001006
006114
007300
003755
006445
001749
006936
006754
001382
002937
004294
003847
002383
000239
000546
007187
005933
002306
000107
003145
005826
000420
004226
000493
004033
006917
005095
003109
001995
000909
002500
003190
000823
005590
004260
002330
005144
001089
002729
004118
002062
005255
006085
003962
003677
001134
003135
000922
002414
001203
001141
001733
006882
006866
004905
001706
004164
006612
007299
005379
000320
004520
001120
004953
000859
004516
004483
007232
007349
004716
001042
002476
000201
004811
006734
001560
000211
006026
007053
005371
002841
001868
004324
007067
003982
003938
007033
002962
005156
003986
002677
002049
006695
005784
003061
005014
000677
006534
002234
005157
002418
005289
001825
004092
000362
007398
006093
002153
003034
007280
001415
006725
000415
001820
007177
002233
006306
001610
003313
004337
002497
005188
006027
001336
001254
004814
004188
006843
002858
006333
004222
005669
001274
002112
006416
003620
000986
002404
001123
002232
003254
002422
001187
007256
004711
002948
001114
006611
001592
004549
002367
004962
006050
007407
007277
003746
004128
000614
004426
001721
004163
006016
002586
003490
002746
006597
000736
001573
000062
000548
004551
002462
006778
005982
000958
001221
006117
002745
000778
005970
001372
002978
007383
007169
007000
007233
006647
001740
001858
000515
006889
004511
003214
005855
000752
002644
007396
002894
005108
001764
002260
000805
005058
000419
004769
004082
004190
000572
005094
002291
002123
001828
006658
002600
002139
006420
005318
006344
000345
002201
003807
001287
002581
000600
005138
006154
000967
001306
000551
005935
000527
001576
005913
003035
000369
004715
002290
006928
004195
000725
001347
003187
005558
004519
001928
000351
005557
003996
002599
004209
000558
002604
000037
002796
005728
002140
005053
007449
005573
001616
000191
002963
003216
002387
000098
004843
005214
001991
001942
004682
007468
006780
002752
005366
005073
005008
006345
005981
002486
005834
000985
004100
007162
001138
001741
003048
003341
005680
007339
006238
006394
000837
006862
002584
000492
002930
004648
002293
006637
002847
006907
002262
005498
004454
005893
003812
004929
001446
005952
000669
006670
000850
000869
002947
004475
001564
003471
000800
001481
004214
001603
002794
000427
004318
001469
007008
006127
000357
000236
000248
004981
004743
003622
004694
001697
007364
005321
002519
005164
007475
004993
001705
002552
000876
005067
007274
004686
005229
004756
003804
002347
007352
003116
000647
004061
006856
006202
001514
004010
004481
004138
002314
002151
002706
005754
005019
003614
006953
004107
004275
004832
002520
007360
000047
007329
004277
006041
005839
006048
003137
005191
006423
003488
000745
005986
003735
002540
001625
000404
001013
006624
003568
000024
004447
006063
002182
002960
001291
007273
003781
003528
000386
004248
004342
003563
001195
001794
000819
001158
004288
002492
006773
001742
001855
001533
000289
002295
002044
004270
003872
001244
006469
000391
004243
005542
000741
000768
000246
003055
005444
005260
005685
000437
001538
005460
004867
004759
004105
001194
002074
001039
006437
002046
006133
000033
004003
003401
006250
001943
004001
004340
006723
007204
002258
002202
004547
003385
000610
002346
004009
004104
001292
006452
001704
004914
001257
004113
001989
007279
005566
006973
001095
006136
006465
005525
005452
003535
003702
005709
000750
001442
005447
000503
002961
005603
005298
003397
003425
002653
005474
002010
001933
007022
006001
001875
001076
004568
007012
001251
006524
001363
002224
003031
001934
007061
000700
007227
003950
003834
003788
006439
003003
004202
004582
006173
000932
002580
003419
007381
006569
001058
005782
000636
004255
001346
000297
002458
006855
003112
004403
005640
005328
000904
001269
004644
002166
003655
000542
002370
000260
006863
004153
004591
005925
003964
007146
002765
003629
007139
002761
005063
005256
006577
004336
002924
002804
000658
002740
001546
004680
001398
003558
006593
004152
004278
000168
004303
004089
004396
005739
002336
003322
002298
000877
007180
002764
002577
005275
006582
000027
006551
004282
002646
003562
006729
000457
007084
000721
007110
000028
002881
007278
005735
000841
005958
000235
006286
007391
004673
006590
002266
005062
001329
004460
003058
002866
006316
001786
006884
006785
005077
003583
001263
002038
004850
002283
003129
007119
001719
005963
004556
000524
007262
001658
004697
005587
000104
007157
004927
002506
004000
000452
000440
004173
000569
003447
004799
002991
004907
001148
007030
003878
000035
007292
006012
002919
000329
001751
001145
006623
001143
001936
005262
002420
006533
005571
001275
006759
000506
003530
002988
007415
000917
002985
000229
001435
007016
005448
000772
007164
007385
004108
007419
002925
002356
006959
005325
006786
003302
006288
004124
000683
004791
005322
001172
006794
005528
002286
002631
003365
006836
005309
003750
003580
000042
000521
001536
002977
005807
005926
005222
002025
002215
006895
003300
002304
005405
004891
006954
003367
006667
003259
004599
005649
001243
003343
003318
000650
001517
000106
000216
000270
000939
006999
002625
006762
003179
001296
007331
000916
006858
002619
005619
005213
004649
000881
001094
000533
006643
002814
003715
000589
000494
004485
001131
004864
007029
007083
004687
007247
005712
002021
003181
002292
005642
004875
006997
002556
004792
000376
001359
000804
006989
005297
002011
003470
005786
001863
000848
005334
003689
004383
001318
000319
006636
007205
004596
001952
002661
000792
004669
005713
004256
005375
006385
001542
003937
000938
003886
003869
002749
001978
001133
005911
000413
001844
001967
005081
005656
006556
004598
006808
006938
006058
007430
006195
004717
003102
001147
002801
006493
006388
005054
006324
006167
000660
002787
000907
006720
002057
001443
006126
007158
004393
003257
006560
002594
002490
004444
006353
003406
003067
005777
006531
003559
004782
004174
006751
005185
001086
006107
004932
001665
000063
004293
002442
003358
001333
002294
002727
004228
004739
003860
003965
000754
002878
002137
005639
005330
002087
005800
004988
000343
004401
002509
002773
006098
006031
005531
005659
007294
002103
001116
006146
003357
005660
005136
003325
003346
007447
006161
007089
002300
000766
004813
003467
006881
002590
005515
007470
000884
005109
007261
004160
006057
005698
006317
002128
003280
003032
003811
005315
006812
004700
001234
005589
001376
002439
007411
005052
003312
000790
006576
002255
000801
001557
004205
003456
002696
000485
003970
000443
003503
005829
002460
002048
000242
000885
000696
003182
005045
004251
000188
005616
001772
001591
006618
004540
005793
006659
007403
002043
007413
001562
006095
007215
006381
001662
000385
005677
000973
005741
004846
005335
002786
000039
006103
001552
002839
003661
004239
003885
007132
001919
005120
002945
002200
002541
006198
002488
002372
005602
003711
003808
006273
000541
000311
002935
002797
005881
007027
001055
000323
001924
006731
005368
004904
001412
007149
001178
004206
006169
005919
005333
002831
004157
005618
007182
000734
007260
004154
003691
002974
001631
003956
005466
002911
001878
004391
004122
000472
000809
005026
006110
002673
007166
001224
001897
004966
003506
003337
000382
004171
004007
004946
006519
000761
004418
005999
001797
000626
002101
007144
001445
004667
002419
002254
002516
000463
006370
006752
006796
001848
000309
001508
006990
005864
006581
006391
004051
002138
000567
003410
000050
004430
001801
004246
005241
003653
000698
005631
007337
006628
000436
003417
004874
005481
000401
004542
003800
001458
004685
004734
004513
001765
004640
006301
006629
007371
007178
001929
003894
000615
000694
001664
003225
007309
003228
001856
004420
002081
007267
000510
001977
001180
007342
003283
004424
004301
004472
006798
000089
003395
007194
001241
004689
005072
001579
001478
007437
002928
004624
004213
000912
004290
001926
005127
006758
002789
001182
003497
002934
001035
005010
003482
003764
001317
002086
007440
005668
006232
002209
002473
004289
007011
007026
001015
004119
002563
000591
003192
006595
006410
001959
003531
003605
006123
003434
002332
003980
002635
000135
002748
001330
004810
000795
004259
005337
000475
006047
005149
003652
003870
006067
006208
003236
001230
004858
006844
003338
005900
004585
000218
006960
001722
001303
002747
003056
004753
001232
002085
005634
003891
001388
001522
006403
004353
003958
004392
006204
003141
002251
005166
003203
001102
003719
002674
006815
006272
005234
002721
005163
007087
002712
003574
001225
006498
003716
005125
005013
004610
004032
003931
002692
001021
004926
002474
000628
007462
005909
001438
006003
006719
002964
004553
007422
004156
005572
004668
001162
003025
002219
002385
001979
001150
004609
000161
004406
006334
003301
002225
007353
002338
005242
005751
004730
003708
004155
006733
004221
004770
002505
002953
002177
005505
003684
000798
001701
004862
003465
003353
000684
000963
006470
000350
000234
005287
006922
003231
002530
000052
005056
003690
005703
004708
005430
002818
003224
005453
000674
002724
007100
006948
007174
006300
003107
005623
001139
005927
002446
006655
001634
000429
006570
001954
000942
002187
006106
001140
004752
000186
001909
005552
005201
007019
001199
001682
000197
004098
006870
000970
001861
004766
000378
001410
007043
000843
006078
000361
003323
002848
006033
002082
001859
000093
000708
006314
000802
003609
006625
006263
007210
001602
004433
005312
005182
002680
000058
004679
007344
003787
000199
006315
007005
003240
006034
003864
004822
000226
000612
004896
003167
004871
000373
004312
003529
004196
007145
006338
005729
002455
005024
002257
000588
007266
007081
002216
005918
005057
006987
002853
004990
003782
000213
003618
006783
000455
007458
003030
001077
003830
005546
003197
005757
001078
000284
005162
006678
006992
006753
003975
002984
006942
005901
005465
001941
003375
006163
003822
001633
002558
002380
003802
006833
005948
004369
000393
002845
005762
000751
001969
006368
006549
001108
005038
000392
003001
000117
006097
001709
007003
002028
001294
007323
003370
002168
006483
003043
004462
002050
004920
005803
000370
005381
001596
000397
003521
004360
000181
006660
000737
006066
001007
003984
007230
004493
005190
005443
002730
002450
003004
006052
006474
000692
007069
005449
005695
003288
004800
006322
005630
005103
006186
003736
004959
001683
004943
004541
004748
006520
004713
006342
001699
005198
002737
006897
003901
003310
007208
006426
002815
002398
001246
004207
000395
001416
003633
007325
005580
004241
006710
003676
003219
005996
003407
003474
000691
001011
000831
002826
000212
005461
006156
004938
005145
005280
006356
000346
002357
001852
006638
002895
004232
004830
006379
001583
003898
001391
002454
003101
000953
005947
004496
003150
001466
000333
005840
004330
006396
005796
004788
001266
003050
005965
002000
006682
003668
007473
004185
004804
001022
005168
002124
004404
004338
004422
000495
004065
000308
005391
004692
000366
000134
005633
000453
006503
001188
001069
001600
006148
006496
006433
003404
000448
002014
004944
002999
007255
004569
002076
003426
000765
002531
003296
005112
005240
004720
004291
005495
006118
004074
002565
004384
003156
005110
001814
007347
005763
005075
000124
000151
005511
005790
003071
006276
007359
006196
002626
003065
002245
006407
000383
001308
005482
007326
002574
001877
001286
004367
005037
001589
002327
006087
001487
004250
000428
003667
005994
007290
006075
003324
000530
004085
004109
000156
001384
004768
002908
003748
000224
000263
004762
003421
002994
000290
001654
000324
006151
003331
002763
002159
001088
000398
002693
001421
005760
006215
005429
000327
006451
006354
001191
005559
006676
001782
002478
007288
000365
001574
001037
006666
004116
003024
006873
001984
006434
006955
004469
006804
004237
000407
006472
006222
003162
001228
003134
000504
001927
002528
005292
003144
004815
006227
003504
007271
002089
001067
002429
004589
001905
002120
003174
001239
003835
004079
003607
001386
005961
005304
001066
003449
004189
004807
003090
000779
003926
004437
003411
005445
006086
003464
004142
000625
002666
002979
006121
002742
002663
000874
005988
000928
006139
004924
005532
003232
000469
000966
003199
006583
004527
004470
002310
001477
002287
000477
003315
000604
003649
004903
001982
000509
001547
003737
007448
001846
004797
005050
003981
003295
005017
002735
001923
003177
006029
001374
000862
006486
001314
004521
005329
001441
001758
005683
003481
007310
006807
003269
001189
006258
007436
002108
001966
004587
001497
003247
006656
002299
007477
004724
001689
005931
001272
004021
001835
003703
005422
006152
006903
007023
005744
004049
007272
003221
003435
007351
002811
002058
002767
006685
003969
004996
005540
004949
004136
005724
002529
004634
