007075
000130
006053
000789
004546
003947
001994
005142
002888
007378
007460
007111
005768
007060
000003
004559
003575
004432
002122
005956
007282
004060
000821
003297
007108
000215
004231
006347
006487
007025
004272
003596
001215
004359
003372
005009
004436
004784
001168
004607
002537
003963
000815
005742
004264
007152
006743
000071
005548
000585
002114
000406
002703
001696
002070
005118
003157
000374
003264
002309
006254
002436
003388
005497
001760
003871
002987
002301
005339
000179
003023
000292
001373
006702
003935
000200
002939
006740
007213
003976
007379
005364
000349
005814
002623
001436
003362
006616
003415
004690
003036
006203
002679
004645
006544
001341
004504
006313
004872
006757
005518
005562
003919
004296
000253
006290
001876
003091
001534
003619
006326
002992
003650
000652
001278
006933
006476
006367
006708
000221
003282
003698
002259
001792
005195
005117
001816
004088
005277
004671
003846
007001
001990
001518
001607
005060
001402
004197
006162
001479
001738
000344
006004
006681
005263
001157
001326
006717
004097
003509
001956
006335
005370
006111
000007
001490
001447
006545
004586
003949
001316
003493
005776
000929
005355
006918
002587
004408
002922
001628
001973
001637
007443
002311
003262
001803
005025
006501
005509
007276
003212
002125
000219
006119
003845
000150
003184
004020
004518
005327
000497
001142
002817
003327
003577
001453
002326
007428
001302
001492
001520
001201
005018
004076
005126
002872
002523
002106
002716
006099
005290
006746
006170
005104
002698
001901
004476
001122
001024
004793
007388
003384
002407
006867
003113
001623
006178
005537
005832
005844
003186
006834
005697
005648
004751
001826
000753
001512
006940
006839
001475
005411
004234
000110
000055
004701
005530
004498
001367
006489
007151
003693
001922
002972
004366
006157
000547
001092
001293
000977
001723
001038
005830
005772
002394
003328
006329
004339
004663
000994
001735
006055
003656
000442
006888
006963
004606
007335
005044
000537
005799
004409
005513
001883
001743
000280
000010
007245
005529
002003
002579
000358
000668
003795
005399
005730
005029
000120
003532
003064
005764
001493
002263
005606
000597
007050
003810
004166
003299
000903
007137
004471
005440
001651
005087
005442
007143
003389
000609
001285
001676
004331
003749
003704
006663
004767
006150
005974
003075
005173
005066
003681
002970
003147
003903
006191
002067
006243
006875
003855
002986
003320
003093
005160
000099
005111
002441
003806
003660
004579
002931
004681
007185
006401
005464
005732
004344
002697
005387
005216
001059
000697
000511
001417
002090
001559
005936
007209
005407
005488
007243
000887
003840
004684
001955
002134
001618
002664
007064
001757
006821
002989
003833
000539
001505
004906
005688
001992
006546
006645
000011
006969
000992
003784
000068
002933
000796
002822
006179
002465
002762
006814
000910
005419
000488
001404
003140
005137
000780
003929
001788
006172
002595
001100
005436
004218
001964
004837
000797
006809
005114
007092
006011
003666
007156
003921
000412
006256
005281
000965
000982
001409
006827
003359
004265
007254
006700
007203
002339
003238
004273
001661
006627
005891
000788
004304
000254
003564
005061
006431
000144
001921
003206
004194
005248
002517
000142
004757
007301
005270
007195
004971
004563
003143
006915
000715
007116
002448
003538
000148
001491
002936
005483
000400
001961
001064
002821
003070
004675
007356
000300
003729
003151
000012
003815
006459
001503
001229
007141
003418
000749
006991
007373
002850
000832
006716
003462
000631
000482
000962
006513
004204
005303
000158
006463
000257
001081
007105
004876
006032
007096
001403
007432
004577
002427
004635
001047
006049
006724
000416
007128
000890
001965
007348
005561
007328
002607
002363
007211
003479
001159
006961
005475
006419
002472
002190
000411
005254
005816
001390
003273
005400
006557
007236
003791
005507
003673
005592
001032
003201
000334
002768
004801
005503
006848
001072
004141
005872
003697
006421
002426
004987
002561
004819
000993
006974
001639
006387
006235
000661
005204
003572
003290
001889
002328
006279
001498
003458
006499
005454
005626
000690
006485
004535
005225
005941
006223
007293
000707
007220
007173
002776
005456
006890
005446
005678
000013
004151
006209
001282
002417
001298
003431
001715
006239
007113
000968
000653
000687
001798
001756
000654
004453
000933
001641
002759
006790
003654
001385
002467
003475
000593
006309
006327
001399
001730
006615
005809
001186
000820
006456
004279
005302
002642
004936
003727
003522
000723
003189
005756
006384
006212
003987
007295
001408
004886
002066
004416
000141
003594
000322
000044
007127
001784
002835
005205
000056
005549
006289
005681
006668
006691
000872
001202
005753
003714
000434
004441
000255
003089
006730
004394
002932
003427
004522
002238
003354
006865
000525
000202
002396
002242
007086
006104
004539
002659
003752
003191
004201
007461
001109
005047
001871
004365
003680
003940
000607
001793
005331
004075
005702
001975
000960
003754
005502
000123
007455
006207
003125
006217
006252
003152
002186
004910
001470
003013
000131
002533
001850
004058
001913
006912
004641
003966
005615
000713
001310
002547
000228
005261
001595
000105
003039
005169
003790
003606
006911
000121
005462
000501
000091
001532
000016
005200
000602
002819
006307
006255
007316
004018
005795
005750
004431
003844
002596
007171
007020
004919
007066
006788
001472
004286
000514
003545
001687
000296
005412
000018
002264
002654
000972
000295
005575
003246
004775
006775
002331
007013
001430
001060
002825
002926
005721
002791
003597
005987
000067
006438
004908
000896
002172
004245
002481
007457
000490
000079
004341
002614
004236
001652
004617
004313
006958
005675
006414
004923
006352
003933
001685
002940
001030
000367
001196
004802
004230
005550
001566
002192
003724
001360
000839
002222
001899
002269
005781
005655
004442
004446
004176
006214
005183
004523
004847
003158
006916
006311
002732
002512
002055
007471
001017
006880
004951
006234
006931
005583
006802
001283
002469
001204
001130
001197
004114
003223
006135
000022
001698
005424
005895
006206
005202
005701
003376
001219
004112
005823
007285
000464
005252
005085
002343
002518
000227
003044
001258
001563
001829
002204
004575
003518
005594
003636
002736
003888
002199
007474
002750
000834
001561
001598
001325
003463
006835
006584
005980
004428
000466
004939
005880
004703
006019
002887
006776
004628
004357
000578
000860
003446
004146
006657
003063
004233
005597
006120
005641
005022
002244
006283
001953
003540
005500
002842
000608
004005
002237
003867
003457
000026
001882
003284
002591
002099
001001
003546
002684
003674
003100
006787
006763
004727
000641
001736
001288
006748
002741
004258
000978
006216
003081
003248
005973
004930
003592
003595
002824
003913
004750
004159
002545
000233
006988
003439
006183
005990
002655
006429
003893
004741
001833
004834
004820
006113
000390
006784
000851
002053
001277
002852
000775
003803
007297
003542
002701
000898
000709
003012
000865
006646
004592
005493
006518
006140
003045
000921
005605
002350
003610
005409
005006
003117
002766
003026
004785
005563
006774
000842
005295
002862
005710
007155
006181
002051
003733
001170
003565
006601
001669
002374
000456
001593
005346
005306
006509
007358
005193
001126
006192
002770
000678
005716
000818
004455
002515
004203
004238
003817
004211
007270
005154
000241
006705
000084
000577
000426
007093
006735
000176
000950
007259
002582
000616
007459
003205
002608
004925
006817
001703
001832
002513
001575
002401
005632
000057
005851
000905
000507
001090
000244
001731
002236
003451
005884
006404
000185
007153
001121
006739
006149
000856
002938
002975
003721
004467
000621
002550
001156
003208
003640
004765
001327
005897
004208
001739
004545
002624
000941
004803
004266
006037
002522
000662
006105
003452
007140
004457
004798
003332
000318
000672
006896
006727
003685
001041
001815
006905
007191
005930
006128
002941
003578
000136
004464
002854
005425
001146
003768
001324
006398
001474
004878
002174
002109
003271
005310
004961
003904
007024
000900
006142
000570
007175
007040
002438
001005
006466
002921
002316
000954
002213
000629
002447
001657
003326
000934
001338
002143
000738
000299
007062
007009
004302
006986
006392
001724
002969
007418
006230
000584
006541
004316
001297
001599
006607
000444
005212
005966
005896
003613
007441
000534
005463
000895
000029
004495
006359
001074
002026
007438
006091
000730
006171
003445
000240
004853
000710
001601
004761
000282
000552
000467
000304
002431
003420
006383
006947
004600
004678
005003
000030
000901
001805
005789
003825
005186
001044
004333
002105
007228
004916
003072
004818
000032
005628
002409
004900
000579
002449
001773
000531
002077
003444
002549
000113
006285
002790
003831
001838
001476
005410
002468
006707
001614
006365
000714
000951
000996
004980
002020
005178
005946
005578
005084
001494
002743
004653
000157
006494
002629
000791
000424
005340
004497
006538
005042
005266
001482
005547
004870
001944
002240
005989
004199
000441
002321
003918
005397
005769
003510
006919
005679
002009
001620
003436
001968
002273
006448
002660
006620
006199
000606
000573
002637
001642
004253
003941
002494
004642
004889
003414
003773
006793
002146
001866
001335
002119
001048
005863
006378
007045
006304
003424
000549
005541
006303
004355
007400
000214
002198
004882
006630
001112
004500
002191
000474
003593
006131
003261
003279
004044
003990
005850
002039
003198
000417
002589
005539
002313
004019
005802
000088
005723
000990
002593
007035
005394
006325
002323
002453
006397
004014
001250
000544
002897
000431
003699
006056
005684
000034
000461
003908
001073
003049
004115
006259
005964
002184
002544
001362
003512
005797
000523
000845
005035
002208
004047
000133
002288
004167
006336
006022
003772
000997
000781
003877
004050
006621
007222
005627
005766
005960
001231
007324
006547
007186
006132
000529
001845
005286
002227
006197
004771
000759
006188
003734
002855
002390
001626
000580
005432
000681
000180
003843
007021
007054
002033
004066
001110
006479
006742
000913
003761
003267
002296
002354
005435
003985
001860
002400
000866
004372
006688
007106
006020
003218
001948
002235
002203
000313
001425
005398
004292
005611
001903
005591
000069
005867
000556
004676
001000
002705
002676
000418
003953
006200
003115
001034
006967
006346
002865
005771
000574
005622
007361
006673
000125
000101
005148
001753
005374
003999
004244
004030
007386
006220
005569
004779
001907
006684
005326
000036
001539
005414
001452
004062
002040
005344
006970
006320
004659
003371
003896
003160
001659
003227
002834
004510
006450
005705
004590
000405
000421
006877
004833
004728
006330
005868
003818
002395
004883
002018
005932
001836
000222
001247
004217
007124
007296
006984
004781
001483
004677
006993
005294
007314
005239
003132
004631
006040
001763
004216
007451
004992
004707
005455
001301
005132
005718
003695
007406
001681
001322
004080
007102
006064
000643
001646
000733
003876
005320
002627
003824
004991
006225
002578
001690
002212
002141
001227
001604
001841
004334
002349
005209
006145
000975
004838
004029
006820
003051
006389
000303
005798
000522
003657
002832
001209
001663
004071
004978
002205
002223
006957
006084
003230
000586
005748
006376
000387
007404
003508
007114
002197
004968
005929
005046
002305
000432
000095
002452
005666
004614
000638
002318
005501
000594
006007
000833
004381
006295
004758
006902
007184
002807
001137
002864
001349
003785
004824
002678
004533
004621
007365
003169
002588
007307
005491
001082
005048
004198
000502
003440
002451
005177
001457
000513
006362
003942
001383
003500
005352
007249
003910
000914
002874
006523
003335
002980
002683
005220
005096
003599
003455
000937
001543
005837
001915
002915
001644
006174
003084
000177
007129
002351
003018
002616
003377
006825
007018
000663
001405
000287
002379
003765
003256
002496
007094
002870
004024
006605
000892
007189
007333
001988
003589
006268
005604
000675
002609
002005
005278
000043
003235
002480
003178
001211
005813
001454
002943
002792
002180
001790
000861
003644
001467
003020
000596
004512
004855
003740
003249
007368
001910
001504
003294
000085
002954
002149
004897
001319
001340
005846
004712
004177
007179
004235
001624
002634
001622
002133
000364
003586
003955
005824
000518
006528
004602
003759
004729
002007
005380
000342
002189
000100
007286
005258
005671
001870
004955
003329
002065
004039
003438
004845
006983
004478
003796
000129
006690
005099
000232
007039
005554
003176
003258
000045
003533
002788
004601
002983
007051
002016
002268
001769
006271
001369
002352
001677
001541
004841
006257
003638
001720
004664
002167
004067
002364
003911
001328
003862
002687
004099
003760
002813
001040
006000
002157
000149
004637
003561
001916
001951
000184
001874
000316
005362
006857
001280
005011
004555
004808
000438
000092
000389
007355
006175
003979
005886
002573
001413
002221
005097
001770
002435
003317
000576
003887
007160
003200
000205
001200
003008
004654
006736
004181
000980
007218
003382
006361
004565
006859
004378
005950
000599
000918
005810
005119
006766
007134
003686
001311
004774
007298
004823
003293
003725
006779
004828
001691
005348
005023
006929
002672
003498
005957
005496
005654
006810
006886
005871
006296
000735
000742
004017
003378
001842
006457
006846
002542
001393
005720
000286
002779
003525
004267
005373
002176
002110
005264
001016
001103
000484
005146
003706
006245
000946
005791
001506
007317
007121
002104
006253
000857
006904
003494
000882
005553
005203
006137
003486
006946
001276
000712
007167
006138
000471
000258
004982
000172
005196
005250
006619
001917
001371
006642
007268
004135
003848
000959
004376
005357
000592
004317
004031
006718
006141
000348
007196
006328
005983
002375
001465
004269
002501
000165
002662
002471
005245
003041
002873
003537
007394
003095
001580
003309
006236
005253
001963
001747
000732
000785
003646
002704
004866
006281
005134
001806
005661
002691
004616
003163
000445
003311
006559
002147
002459
000146
001045
001426
003730
001608
000808
005920
002181
002652
005609
004604
000264
006587
003120
001464
001290
006224
003642
003993
004857
001908
002317
005403
003356
002285
000553
003473
003441
007101
006805
005116
006926
005915
005382
000380
003237
001630
006927
000936
002088
001248
005682
004179
000870
004322
003959
004411
001175
001468
006932
005866
003459
002731
005314
005171
004035
001843
001674
000651
000049
002281
002230
005356
003863
001368
006589
001429
004387
000274
003801
000540
004006
005383
007248
001396
001052
004965
004257
004086
001370
000423
000114
002510
003097
006721
003122
004646
000054
007044
004037
007234
004884
003138
006059
005211
004880
000743
003720
000166
002083
002754
002470
001896
001264
007239
001708
006631
005833
004702
005620
001165
005469
006923
003585
000799
005774
005849
007306
006640
004013
005693
002622
003253
002923
004069
002738
003040
001556
001837
000449
003314
004661
005612
004506
001484
005123
003745
003017
000238
000762
006134
002907
006205
006567
001686
006883
005457
003173
003757
006838
000433
003361
005998
007363
007366
004351
006092
001499
002377
001459
003713
003551
006998
000138
005238
000787
000080
000886
004182
005758
006402
003832
005543
005210
003598
002946
006241
000516
005468
006840
005039
002843
004459
001744
001906
000060
004297
004525
002823
005719
005396
005752
001930
005159
000162
004332
000271
002981
000924
006500
002092
004070
006080
003278
003340
006851
005874
000410
003767
006680
003154
005734
000363
003477
004537
000739
001093
005646
002241
001414
000582
004515
003939
000919
001857
007341
002388
000724
000325
002803
002297
000072
005770
005384
004473
006081
003534
001351
000276
003139
001023
005092
003285
004957
004625
001320
000164
006635
001962
004477
006079
000225
007206
006160
000306
006492
001515
003839
002714
000871
002990
005428
002956
001348
002324
003321
000633
000070
001558
006878
006341
004410
001971
000074
002605
006539
002156
001354
005670
004619
005433
006284
000189
007417
003741
002430
007305
003889
003196
006706
006017
007190
001834
002610
002700
004427
001581
000082
000711
001761
002116
004795
003821
005470
003348
003077
001400
006124
003060
006554
005593
005755
004310
005361
005574
000557
002437
000989
002795
001668
002214
006921
004789
000526
001020
007399
003069
000676
006966
000793
002756
001240
007097
002592
005401
002597
001164
001361
000995
000259
002719
007148
004276
005089
007170
000375
005942
000083
003570
003780
004123
005624
007346
003268
003303
004320
002195
001085
006510
002566
002274
001500
004984
000822
000664
004933
004375
005420
005599
002145
003241
000656
006697
002072
005722
005305
007444
004025
003742
006606
006671
001679
007454
006455
003853
003079
001151
006665
004412
005877
001865
001309
003732
001009
005438
000817
005020
000777
003665
004538
000719
007123
002929
003416
005519
004970
006869
002150
006261
006591
000198
006504
000858
000458
000245
006094
004826
006231
002373
001938
002658
002647
006159
001839
002559
005076
000760
003895
003166
002421
006527
006319
001554
002555
000927
002368
004405
001649
001673
005759
006864
001299
003978
006845
001210
005778
002869
004997
005614
002482
003155
003579
006166
001119
005585
007224
005376
000086
001821
006909
001894
005890
002751
000883
006996
005300
004325
001553
004386
007257
004550
005733
003783
006600
001462
001531
003581
005265
006090
002670
003119
005358
004554
005016
006972
005285
007392
001456
001830
004505
004877
000888
004643
002252
002849
001578
003220
006579
002560
003799
003516
007250
004812
002355
005767
001827
000208
000693
001003
000864
003460
005928
005953
004975
005283
005847
005775
003342
007104
001392
001695
002798
001434
007476
006572
002389
007002
000331
007338
006687
005979
000666
005129
005992
001315
002514
006769
001779
003168
005416
005490
001728
002312
003696
005690
004102
002785
001957
002412
004184
003433
001849
005977
003641
000087
003912
004057
003722
002096
001766
005520
006323
005517
002802
003336
002084
004499
006924
000868
000127
000813
004964
005579
000538
004796
003260
003108
006112
007390
006072
003245
006536
003861
007334
004561
001523
004899
005043
005506
004090
006893
006610
003057
001950
000794
007197
003868
006293
003743
005235
004945
006109
005991
004358
002322
000846
003391
002973
000902
002571
001987
003286
006842
000154
002032
002466
003195
005102
000763
000220
005773
003612
001819
006722
002906
004912
002023
003819
004449
000532
004854
000288
007223
000109
002211
004662
004347
000575
000435
001796
007264
004552
003105
000119
004755
005568
004139
000145
006422
005027
006801
004704
000703
006652
004869
007188
006575
004967
000193
002178
001519
001734
005291
000338
004972
006129
003717
004023
006526
003374
005247
000637
001550
006979
003628
007216
004503
005259
003842
004262
006699
002270
007004
004078
001879
003028
006073
007321
007452
000206
005564
006051
005836
003951
003983
001181
004584
003625
005115
002406
000439
001947
001433
005000
006065
003387
003392
001028
003291
005499
006522
005480
000603
003234
002910
001313
003710
000326
003111
005451
001737
006374
006975
002047
001935
006823
006443
004922
004046
003925
000267
000617
000294
003670
004543
002271
000825
000298
005686
004558
000339
007414
003015
000310
000685
004736
005083
002920
000317
005106
004786
005665
001357
002904
002063
002774
002289
001958
004261
001428
005524
005165
003526
001864
004165
007320
002857
003185
003476
003193
006573
003838
001394
005324
000368
005838
004170
003398
001716
000384
001672
001785
005608
002175
001049
002487
000764
001366
004747
005663
003472
001748
005934
000460
001655
001700
001570
001358
005504
005902
000505
005637
004580
006471
000465
006035
007408
001423
004605
000520
006661
006458
001233
007387
006299
005937
002059
004696
000598
003675
004780
001279
002164
003615
001636
006382
006226
002551
004524
002648
005207
000622
004977
005898
004106
001584
006025
005269
006920
002489
006147
002443
006155
001548
002769
002898
000726
002952
003349
003617
006951
007126
006861
003591
007372
002064
000783
005421
003068
002485
005107
000695
006089
005954
001205
005030
001609
001632
007073
006585
007431
005231
002671
000744
001031
001169
001998
005825
005059
004536
004389
006749
005031
001529
003971
001725
006894
003709
005131
000770
003437
001220
005418
001692
003766
004674
003927
000784
003130
006653
002689
002267
003967
002030
007231
000827
004073
000947
003997
002837
004361
006294
000957
004973
004103
004564
004844
003922
003786
002618
001033
003770
004731
001036
004093
005526
001902
005007
002868
003694
002643
001124
001091
002342
007362
003059
005005
002360
001300
003085
001161
006892
005567
001208
005301
003954
001256
004595
001323
005924
001444
004247
006941
005317
003989
002144
007150
002554
003797
001509
001568
003774
004147
002403
001540
002249
001571
002408
001777
002799
006021
001811
002829
006654
002402
004627
004252
001970
004514
007017
003974
002410
004192
003849
003164
004733
002507
004509
004915
006337
004594
002739
006830
004723
007159
004346
002860
004400
002927
007427
006750
003287
006308
004012
006158
003858
005888
007036
004308
005835
004597
006076
007077
004901
006795
006935
006247
001167
000988
005538
003544
005914
007377
005158
004083
004611
006280
003428
003450
005141
006417
006650
001245
002521
005028
003630
000811
000108
005544
005181
000307
005153
003088
000359
003210
004374
004576
001463
005785
006971
002188
000899
004852
006614
003033
004419
001617
005055
001920
003934
001762
005653
006693
001854
004573
004480
001802
006604
005093
005244
004435
006849
002722
000611
000940
004705
001213
002744
000601
006906
002307
000004
002833
006482
004077
002828
000512
003276
004121
001471
000143
001281
006962
001627
006116
006738
004329
001588
005015
001813
007229
000480
001717
007006
005236
007042
006023
001255
003943
006446
007207
001660
003496
006282
000479
001305
004995
004647
003046
006713
003769
004698
004863
002901
003364
006331
006542
004941
000767
003645
004210
000128
002715
006505
002883
000195
006036
004530
001524
000630
006265
000618
002284
000635
006529
002538
003841
000555
001356
004699
000948
002681
000268
002248
007221
000139
002720
003054
002115
000081
007168
006229
002170
006747
006565
001345
005873
007289
006436
001684
000812
003429
002325
005271
006177
003809
004117
006782
002008
000583
004921
003027
005377
007125
002914
006711
005912
003682
003751
001707
006913
000642
002037
002891
002391
005650
002121
005316
003600
002017
004129
003554
006741
004725
003096
001537
003469
006405
005921
005249
006267
005565
003948
000879
003945
000508
001787
000388
007130
004998
006491
001075
005080
000878
005473
002603
006168
005155
002557
004490
005997
000203
000613
004284
007345
003539
003222
004737
007120
000399
005323
005167
005922
006297
001516
007439
004415
003422
007434
001063
000561
005484
000394
001884
003165
006343
002917
000536
001053
003553
004175
006712
004693
003678
004314
005313
006586
006512
006190
002885
004501
007374
006771
002337
007287
003379
004548
002656
004081
001115
003495
000803
000237
000230
005787
006792
000273
004630
004706
000137
006574
001774
007133
005859
000974
003775
004040
007199
003643
000722
001507
006415
006841
001940
001613
007079
001997
002532
001480
001892
006964
001149
002353
001727
003899
003692
004364
002308
006340
005536
005949
006874
005311
005476
004191
000347
004714
007252
003251
003000
005437
004068
000748
001808
001461
002229
002432
006507
006473
000943
006634
001173
000468
005068
005282
005944
001824
005342
005638
002755
006219
006696
002525
007238
005582
005113
004629
004407
006715
002113
001752
002165
007098
005984
001177
000204
006377
004215
003873
000560
003412
004658
003142
000281
007052
005363
007453
002628
002844
001880
002279
002836
001439
006756
001352
004776
005939
007078
004048
007478
003347
003366
001118
005194
002094
002569
003611
005390
000702
003126
004126
005857
001027
007397
000984
005147
004187
005268
004917
001711
007456
004898
005856
006010
001885
003136
001450
003453
006829
003519
007049
005581
005041
001424
003403
006651
005308
003627
003217
004377
007284
000489
001050
006803
001331
005916
007103
005727
001111
003250
001945
000409
005284
002598
007056
003977
002867
006477
005938
000023
001527
001881
002483
004140
003992
006042
006944
003972
000372
003007
006517
001807
005852
006386
002760
006380
006714
003616
001577
001485
006791
006046
003351
001154
004581
001432
001983
005969
005869
004873
002958
004438
001946
005307
006819
004224
002127
006860
002657
004618
006349
001144
000002
004608
003623
000196
006981
001025
002036
003635
001783
002686
000810
005805
004861
001051
002504
007082
000581
002997
001650
003573
005978
007076
001242
002995
001619
002320
006677
004655
007304
003448
002695
001381
001135
001235
000774
006900
000094
004566
003292
001694
001155
002179
005894
003202
006351
002411
005699
001014
000005
004008
002863
001635
001567
002220
000278
002877
004059
003798
001176
004695
000396
001259
001768
005584
000187
000499
006406
001019
002019
002075
005601
000568
007072
004305
003762
001900
005818
005477
004429
005219
005121
004783
001353
002499
007080
006596
004773
002457
006592
000446
005662
000806
006061
001437
005883
003777
001395
005296
007115
007172
005972
003461
003669
002633
000305
001129
003127
006182
007382
004816
001831
007466
004385
003883
001253
000517
007219
004494
007244
000006
007426
004423
000645
007433
007405
004298
003052
005459
000302
003080
000478
005765
001597
006664
004958
001448
002806
001332
004777
005596
006115
004848
000863
000291
005975
005458
006797
007463
005672
000173
005955
006278
001153
005577
000402
005415
005001
000728
001555
004130
001647
003103
001002
000717
000354
002971
002218
005359
004632
006806
004620
000991
002079
006360
005140
007336
000175
001606
006767
003153
003961
002004
002685
000061
000126
006013
004242
003478
005489
000025
005227
007376
002621
000620
002428
005441
006891
003226
004458
006030
000619
000952
005610
004829
006269
007303
003350
003756
000459
003557
000408
007165
002511
000930
007059
000852
007343
003524
001823
003062
000314
000272
003432
003405
000283
003087
002118
002366
003658
000545
001273
004710
000566
002246
003624
001996
006425
000670
000321
006009
002093
000969
003520
006372
005821
004491
001377
005199
004994
000450
003483
006850
000476
007291
005708
003747
000648
006002
000430
005389
004373
007176
000066
005179
005576
004831
003738
001107
000078
002054
005122
002022
002726
002539
007258
001284
002131
006074
004868
003399
004895
000250
000335
000976
005887
002902
004763
001781
006043
003604
003430
003705
004034
000983
006686
007068
002239
004452
006674
005687
004439
000252
003517
004421
004345
004158
005707
000182
006044
001495
004672
001932
002276
005139
005032
004732
000491
001778
003874
001217
005689
004350
004942
004688
005586
002136
002905
002641
002277
005736
000849
000279
007085
001411
000293
005319
005643
003879
001670
003066
005349
000634
005036
005233
006371
002027
001521
002916
002993
003828
003837
002710
000473
002982
006462
006302
005879
002477
003480
004963
000679
001972
006210
001525
003306
006768
000076
004321
002393
002091
003753
003047
000015
003466
006176
007265
007420
005082
001776
002889
006703
003550
003924
007201
006130
007469
005369
000826
004665
001068
001267
000961
003718
002206
000964
004343
003511
002583
001252
005336
005743
000336
002042
006937
002548
007464
002892
006828
004327
000332
005617
006818
004425
001132
006578
000727
001008
002386
003683
000559
001693
004532
006832
005510
001193
002613
006613
003492
004223
005714
003229
003723
006745
005905
001822
002073
004722
005065
001198
006071
006444
002640
005170
006488
002045
003688
007202
006453
000190
001419
003133
007136
002315
000840
004487
006441
002526
004954
006908
006424
005434
000571
006800
000065
001207
001070
004745
001795
005910
003233
004271
005812
002800
001101
006847
002440
004588
006088
003805
003207
000911
002502
001046
000731
001488
003728
007369
004740
002966
000341
003074
000251
002944
000147
007319
002160
000816
004989
002071
001106
000718
003632
002362
003763
007161
007412
006122
003880
003739
004349
004562
004149
007109
000923
004983
000496
004027
004443
003487
004028
006478
007410
000999
002369
002709
006980
001355
003515
003355
003076
006114
001127
003352
007275
006537
007063
005230
004363
002250
001898
007117
004636
002078
001096
002890
006755
006305
006244
001265
006085
006445
001862
006885
007330
005341
003180
006028
003265
007450
005255
002570
006563
003022
000102
000262
007409
004531
005826
003190
004143
005514
001451
001680
001594
007091
002602
002495
007131
006321
006185
001729
001732
001382
005372
002345
001749
006982
005819
000053
006355
003712
006669
003547
004036
006516
003647
002568
005907
004249
003631
005423
000493
001872
002158
003266
001867
002820
004398
000140
002002
000909
006898
006641
001192
004309
004881
000740
000183
004118
000920
005267
006709
000107
002959
002861
006275
002937
004168
001012
001339
000239
004172
007187
004226
005673
006914
003852
003011
006868
002365
001995
005590
003373
002903
000823
004887
005933
002942
002955
002896
005180
005740
006917
000194
005221
003962
000706
003073
002636
004790
007032
001006
005962
001089
004935
000844
005350
006266
005144
002306
000116
005279
002564
002900
006692
006936
007112
005128
003281
006274
001365
005885
000269
006694
005095
007442
002562
007198
007402
000420
002479
006772
006754
002805
000377
005172
001771
002272
001183
005135
002856
004352
002100
007065
007138
006899
004281
003671
003019
007225
005021
000838
000019
004260
000546
004294
000031
004502
006440
004162
002035
000247
000040
001800
006764
004307
002183
002068
002062
002384
005534
007217
007300
003909
005747
002669
004072
005034
000356
005889
007048
007401
000564
003316
005613
001645
001026
002729
005479
002383
002330
005731
002772
002463
002757
003847
002196
001342
005450
001960
003204
002500
005664
002392
001526
003820
004306
001605
001587
000644
006515
004111
002378
003099
004526
004026
006246
005570
001337
002810
001099
004004
000090
004570
002029
006901
006732
006393
004128
004962
002233
007233
003061
000352
002586
006597
004814
001706
003986
000211
004337
002962
001179
002404
001560
003313
004483
006695
000266
004370
000915
005371
007349
000528
004163
003982
002978
003254
005784
001733
006416
005560
000922
006016
005970
002232
004666
004549
006333
004516
004164
003135
000639
002112
004551
001203
000415
003938
007277
004063
007407
006611
004948
001415
002367
002677
003746
001120
000677
004222
001868
006534
001010
005379
002152
003677
001042
000201
001123
006647
006778
002462
001254
006093
007177
000986
005876
007256
004324
002858
002414
001820
003490
005982
002841
001721
004188
001221
007000
001134
001710
003034
002948
006843
005090
002476
001141
007383
005188
002107
004711
004426
002418
001380
001114
002049
002234
002422
004520
007398
004811
006027
004092
005843
000958
001610
002497
005289
002153
000614
004905
005157
001372
007067
000859
005014
007299
006882
000736
007232
006837
001187
001573
006306
001937
002295
001013
004682
006726
000527
000351
004686
002960
005260
003137
004190
003812
003488
006127
000558
004061
000345
000191
003622
005108
003996
006045
000752
003872
005138
001991
002706
004517
000850
000819
002963
001469
007015
005191
004288
001928
007339
000047
005318
003781
002140
003396
006953
007273
002644
002291
006862
004832
006853
003804
005557
004214
005706
001291
002600
004342
007360
000024
006789
002347
002486
006063
002581
001244
000985
000768
005073
006008
000725
002293
002604
006780
003239
004016
005558
000098
002711
001514
004981
004447
001942
002796
006345
006637
002894
001616
002552
000745
005839
002519
006907
006394
004248
001742
002123
005058
005981
005067
005053
001986
000800
002052
005834
003807
005008
000805
007008
007329
004694
001925
006978
000132
005913
000391
007162
003659
000248
002584
002520
002847
002947
000192
000515
005635
002930
000301
005680
000756
004511
006048
006943
004138
007475
001138
000492
002387
000551
005366
006670
003341
002397
000647
004082
002182
004885
001576
002794
002341
001625
005164
004454
002151
004993
006144
006856
002044
006852
002599
000600
002173
006889
002262
000669
004519
002461
002139
003614
007389
006420
002201
004277
004475
001794
006041
004648
000246
004150
005019
001347
006928
005893
001741
004295
006423
000956
000837
005214
001565
005754
005229
005444
001306
005952
004929
004742
005700
004743
001446
000869
001195
001564
002142
001893
005498
005431
000289
000572
003322
001528
000297
006136
001257
004089
006439
002166
002653
001095
004914
006173
001350
001890
002646
006465
002924
006854
002258
005452
006569
004003
004403
005782
000716
003385
000451
004001
002074
005640
002758
001934
003419
005328
002346
004336
007180
001363
006001
004612
001538
002765
007022
000033
006452
000700
003702
001933
000932
006723
007227
004153
000904
001292
003655
000437
007055
001251
003425
004113
005658
000658
003003
000457
003834
006437
001076
001943
006863
004759
004396
002370
004282
001442
006250
004202
006577
007061
006555
001346
002298
000750
003112
004220
005143
004839
003401
004152
006956
005709
003562
002458
006524
001989
006593
002228
003788
000059
000231
002717
000260
001039
005474
000503
002804
005460
004568
002761
005447
000877
005298
002577
006551
005525
005925
004340
006811
005603
002580
002010
002202
004278
001875
000636
005256
007279
000610
005739
006973
002046
005063
006133
001152
005704
004101
007146
000721
000841
005958
005735
003905
007084
007278
007110
007419
001263
004907
001936
002925
005246
005077
000319
005656
003679
007157
003181
005448
003583
001863
005133
000792
005555
000881
002866
002631
000270
002038
004799
001143
001435
004108
003715
001726
005334
007016
005963
007292
000916
001329
005325
004485
000235
004460
002977
005827
007119
002991
001243
004599
005713
006623
003869
004131
000042
003179
000848
005528
003470
005587
001844
000506
004064
002283
006884
005649
007030
001145
006012
003367
004673
000329
006633
003042
004697
000413
002702
004864
001216
001719
002556
001786
007205
004687
005712
006836
004556
005297
004173
002292
000773
000376
000804
000683
003484
002985
002266
000569
004850
000035
006858
007038
006590
005926
001359
001755
004927
003058
005571
002420
003937
006385
000589
003530
000494
004791
000521
007385
003259
003750
006785
003878
002506
005262
005062
004124
002661
001318
003129
001967
002988
000229
000440
007083
006316
002919
002286
001172
001133
006636
004000
005911
001094
001851
001751
000216
006989
007391
002814
001131
004383
002425
002013
004669
007240
003302
007164
001536
002713
002025
002304
004891
005807
000533
004947
006286
005642
003318
006643
001542
005619
007029
006794
003343
000106
003580
002021
005786
001658
007262
006561
004596
005213
006997
003300
005081
007331
002207
006667
005335
007430
004038
001665
003312
000188
000885
003965
002787
003406
002439
005045
000039
001086
004717
001116
006381
000790
005109
005793
004700
004393
003325
003308
005800
006167
006107
002786
006493
001333
005531
006388
002087
006058
006103
007028
003503
003280
001980
001376
001662
002827
005639
000312
000696
007158
000152
000907
003860
007413
007089
002490
007294
004988
007215
005079
000660
001591
007403
006435
005556
006324
006881
004892
001234
007470
005822
006317
001666
005741
002460
005515
006556
005054
005315
004651
006161
001552
003252
000443
005136
006576
003346
006812
005494
002594
006560
005829
004540
004444
000801
005777
001562
005659
003067
003102
005698
000385
002128
007074
005589
007261
000973
004813
000063
003032
003357
006720
007034
006353
003408
006618
002255
001443
003811
002957
002057
004348
000242
003467
006659
004932
003358
000403
002696
007447
001772
004174
005052
001629
002878
000485
005677
003257
005184
004782
001214
004205
002048
004817
004293
005120
006370
007342
004542
004206
007371
002254
000809
001478
006731
004007
004874
001445
006752
005794
003800
000311
005333
004239
003497
000401
003506
003653
000626
000309
005631
000323
004430
007309
002200
001579
003283
005618
004311
003764
000541
004734
004246
000761
001412
002101
005999
000567
006632
004424
007149
004640
003808
006990
005919
006301
004122
003885
002789
001508
005481
001178
005161
001180
006765
002516
004946
007132
001458
002974
003417
006628
007088
003482
004171
004420
006945
005466
007144
007027
004213
007194
003337
007267
001848
005241
000089
003711
002673
006581
006519
000436
003228
000510
007166
007260
004689
001977
004157
001035
002945
005881
004418
003225
000734
006273
001055
006822
004301
003661
005276
004624
002372
001919
002543
002419
004154
006169
001535
006198
001224
002911
007337
002405
001765
005026
004472
001797
002541
007182
005368
003956
005602
002839
007437
002935
004979
000050
006525
001926
003894
001929
001897
004290
001241
005072
006540
004966
003319
006798
000463
005864
002797
002928
003410
006968
003662
001664
000328
001878
005634
005002
000378
000486
006655
001979
003465
004858
004753
004289
006263
002446
007350
007174
003025
005174
002747
003931
002251
001136
004120
001388
007421
004652
004766
000218
002674
006948
007135
000802
001522
007026
000798
005182
001701
004553
007200
005453
003531
003107
002712
007210
004859
003236
005909
001861
002086
003224
007019
006409
001602
001043
006204
006910
007242
006570
006770
004098
003652
006844
000847
004610
002344
004860
007183
001621
006403
001102
005166
003690
004585
006922
001959
000628
004603
007031
004259
007353
005074
006719
002563
002692
002332
003301
001634
006054
002082
002338
005217
003923
005623
003409
003870
004392
005287
005360
004752
001330
001230
002953
005176
002635
006366
005430
006078
003194
005892
000963
003159
004388
000795
003304
002219
002385
001225
006470
005505
007043
000591
001859
006410
002964
006649
005312
006106
007071
001718
006334
001745
003716
005337
001021
006047
002225
002012
002433
003708
006815
005927
004668
004730
004985
001909
004433
006102
002209
006595
007462
000843
006123
005242
007440
000361
002473
003203
000135
006950
004137
004609
004578
004155
007014
000159
003192
004926
000161
002085
003866
006232
004300
002724
001150
004221
000708
004626
006498
003124
000970
003353
001140
004406
003338
001015
004156
001270
007100
003298
004770
002474
007087
005056
003605
007422
003958
003323
005201
003131
000429
004821
006068
001071
004999
006300
005751
001303
005125
006067
003574
005900
001199
006625
004735
001840
002546
006272
001722
000234
006208
002793
006033
006003
005523
002748
003146
000942
001162
000197
003980
001139
004679
000058
005218
007344
003787
002651
002680
002730
005695
004691
005274
006678
002601
004096
000346
007323
005588
004095
003001
000212
002558
002503
006879
001633
006535
004920
000397
004045
005145
004493
003779
003864
003736
007230
003375
004633
004787
003802
004622
005449
002050
007458
005198
004938
005251
003170
000612
004369
004943
001583
005595
003240
003211
006520
002815
000554
003150
001391
002895
002845
004496
001065
005546
001709
002423
001078
002812
002340
005190
006322
003621
000181
003521
005162
001007
003310
000373
003288
006077
006783
000370
002853
003676
006187
000831
001699
004822
006052
000875
005049
006379
000692
004748
005948
003822
002028
000751
006833
006342
005465
003197
000226
006005
002399
000117
005381
004241
004360
005803
001237
001969
005917
002357
004851
004896
005918
006368
003030
006034
000588
004990
006568
000169
003975
001746
005057
007424
000395
001683
002257
006483
005996
003633
001294
002168
006710
002455
007047
000953
002135
007325
001222
007315
006315
004462
001077
001513
003219
001596
005487
006897
006060
001125
001941
003782
006338
006426
002454
005103
005580
004541
004909
004196
000691
003830
004207
006156
000213
004326
006638
006942
007266
003004
006992
005757
000393
005038
006987
006097
001108
005947
005630
002615
005024
002216
002976
002984
004959
003043
003167
002638
003101
006066
006532
005901
006356
000519
000944
004713
006660
007069
001011
006549
003053
001780
000729
004232
000455
000590
007003
005426
005427
005625
000383
001069
001814
004362
007347
004567
005965
003404
001877
005840
003050
001888
005796
004338
006682
001714
005495
003183
007473
002574
006196
003071
004804
005633
004960
003368
004185
005075
005273
006118
006496
004569
004720
001286
000366
005240
006148
006813
000453
002245
004788
006024
007326
002999
000495
005511
004065
001600
001289
004384
005790
006276
000151
001640
003065
005110
000134
000448
004944
001295
002124
004422
006744
004414
004291
000308
001022
000333
003856
003148
000765
004074
000771
002014
005391
001188
005064
006407
002565
002000
001308
002531
007255
003668
005482
007359
000124
003489
001266
003114
002076
002626
005070
006433
006503
005168
004404
000889
004085
004367
004250
005994
006994
005037
001487
000428
001589
006075
000153
006087
007290
003793
004109
005078
003324
001384
004638
002908
003748
004768
000263
002994
003421
000290
004762
002763
002159
000324
006151
001249
003571
000398
001088
002693
003331
005760
004482
006215
006354
006451
005429
001421
004508
001782
006240
002478
001037
006411
006676
000365
007288
001574
007154
003024
001984
006873
004116
000381
003134
004237
003162
001228
006472
006222
000407
006955
004986
006804
002429
005292
003174
007322
004489
000504
004189
003835
001386
004849
003449
005304
003504
003926
005445
001927
003144
003090
006086
004807
001066
001067
007271
003411
005961
002528
006227
001905
004589
006139
005532
000625
003464
005226
002707
003232
005988
002979
000469
003502
002666
006121
004142
000966
000874
006583
002742
002663
004470
000477
002287
002310
001817
000498
000604
003649
004903
003315
001982
001846
007448
003737
001547
004797
002334
000509
006029
001374
002735
000746
005124
003295
001923
003177
001397
001314
000862
006486
004976
003269
001113
006194
005329
007310
006807
001441
001758
003481
004521
007436
006258
001189
002108
004587
001966
001497
001206
001689
002299
005931
004724
005422
003247
004021
005806
001272
007477
003221
003330
001431
006152
006903
004049
005744
004323
003435
002811
007351
002058
006685
002767
002875
004996
003969
004949
002424
005540
004136
005746
005724
002529
003634
004634
