006053
000789
003947
000130
006164
001994
005142
004546
004432
007108
004225
007460
003297
004879
000096
000215
002122
000821
004231
006347
007282
007025
004559
005956
001215
007060
005768
006487
003575
007111
004060
003596
001956
001607
000929
004872
004296
006708
005814
002987
003091
003619
000150
005195
006757
002259
005025
003698
005518
001792
006254
003963
001373
002537
001637
006326
000705
000374
007443
000349
006461
002301
003184
006367
004022
006616
004504
003415
001447
003157
003363
006004
004097
006918
006702
000007
002070
006162
003919
001534
001168
002939
002464
004645
006681
001671
007152
004359
005339
001914
001628
001436
002679
001080
003949
001316
002587
000253
006428
004436
002623
004382
002217
004084
005776
000221
003023
006476
001278
006501
003388
001990
006826
004020
002650
005651
002436
006545
002309
001479
003626
004784
003501
003485
002922
000179
005521
003372
001402
006447
003846
001803
005118
002703
006290
005509
000344
002950
003212
001847
005562
003362
006413
007213
003509
006313
006743
001518
003493
003976
000219
004690
003650
001696
000200
001455
003968
006335
005353
004408
000406
001918
000292
007001
003264
006111
001341
006933
002992
007379
001791
005995
000071
006544
006717
004607
003036
005548
007281
005277
002576
006740
001799
003845
002311
005832
002041
003857
000668
003704
004767
004344
001024
003274
002090
006940
001285
001743
004663
003381
006663
003064
003186
004234
005697
001223
006251
000120
005044
005051
000903
003988
006490
003075
005173
005764
002972
005772
000010
003383
002579
002872
002931
006178
007050
003637
005126
002697
000110
003672
003147
003833
005290
004166
005513
005730
005537
001475
001922
001955
004331
002817
001453
001735
003299
003648
002003
003806
000867
006824
001826
000753
006888
004476
003749
002733
001092
003656
005936
006648
005411
000280
002970
002106
001651
006191
002129
001302
001901
000688
000887
005530
001293
007151
006157
006746
007243
005160
006834
005327
001520
001417
003836
004793
007143
000994
007357
000442
000497
000055
000537
004579
006839
003577
001492
002407
007185
007209
000609
005087
001559
003327
005488
003903
000697
001418
001618
006170
004471
006875
006401
000539
001512
004409
005018
006018
003113
004193
004701
002698
006099
003795
000547
003660
007428
003567
005607
003681
007137
006243
001493
003320
001757
001723
004572
003532
003328
002134
004339
002067
003413
005732
000977
001883
005440
001367
000757
000099
000511
005216
001062
006055
005442
004842
005111
005606
005407
006963
001212
006821
004445
004681
001122
002441
003855
001623
001676
002263
000597
004684
003093
005104
004778
004606
005799
003514
005648
001201
003810
006408
001142
001059
006831
004194
003792
006809
007195
006728
005891
000982
007301
003140
004757
000068
004094
003206
007254
001661
005436
000412
000142
004971
000780
005281
006645
001964
004837
007446
003666
002933
000254
005061
003929
005114
002465
001404
001409
002339
003687
004827
005137
004265
003442
007092
002595
000910
002822
001992
006179
002275
007203
003238
006969
000965
000797
000796
006011
000144
006172
003784
004218
001100
002561
001032
006716
007105
001390
001498
000064
006235
007116
005507
000017
001047
006939
006419
001072
005561
006459
006848
001961
006580
004145
006049
001056
002427
006032
003468
002936
001759
000749
004577
004413
006499
002665
005592
005483
002426
003070
004623
006915
000715
001117
001889
000890
006363
005454
007432
006961
005254
001159
007236
003815
005816
004141
003143
001965
001403
002448
003418
002768
007367
004315
005151
006991
007373
003458
003791
001064
000993
006279
005626
001639
003538
005475
007211
005667
006513
002472
007128
006421
007348
005861
005400
004801
003572
006724
006108
000416
001128
004819
003273
000300
000158
006974
004987
003201
003290
002097
004876
000631
004635
000482
007356
005968
007312
007141
000148
002363
000411
006995
001503
003673
003479
005303
005872
001510
002821
000661
000257
002278
005503
006387
000962
005204
004675
006543
002607
000400
007220
005678
006223
007293
004151
006485
000690
007173
004535
005130
000707
000013
006209
002491
001282
000835
000786
006890
005446
005456
003189
003680
001385
006790
005187
006865
001641
000654
005753
006691
002642
001109
004416
000829
003727
000255
006730
000123
003125
004522
007461
002242
005205
001202
005522
003754
002154
001798
001298
003152
003522
001793
002066
000872
000820
003191
001730
006615
000202
000322
002186
001975
005331
005502
000960
002835
006327
006104
005549
002909
004656
000141
005402
002475
003594
001186
003475
007295
005047
006207
006212
000044
001321
004279
000593
004201
004354
007455
000933
000434
005702
000056
005756
000723
000968
006309
004133
003714
006217
003354
006384
000565
000607
002396
001871
002467
000653
003654
002238
001004
003987
001408
005681
005726
003431
004365
001784
006456
007472
004919
007013
004617
005200
004236
000079
001430
006255
001470
006432
002481
004641
004923
002668
006775
005795
002819
002614
002654
000105
006438
005615
001532
002791
000228
001472
004908
004910
000501
000490
003545
003966
001310
005987
002940
006352
002264
003597
000972
006911
003039
004058
003790
001850
001652
002172
000896
003906
000121
000091
003933
007020
006912
000016
000296
007316
000367
005575
005750
004245
003360
004018
000602
007058
001913
002533
001685
007457
001895
005462
002859
005261
001595
003013
006958
006307
004431
004775
000131
005169
001030
006414
007171
002371
003606
005675
003246
002381
000295
000514
005721
004005
003540
004703
003188
004523
004446
004176
004628
001953
005583
001312
003636
003213
005749
001829
004230
000578
006802
005424
004951
006120
001197
003063
005500
003724
005597
005880
000466
006584
005183
000860
002887
002750
003158
005252
000022
005845
003223
002222
007057
001130
007285
006234
004428
005823
006311
005485
004847
001258
000834
005550
006283
003044
006657
001219
004146
003463
004233
003518
000880
002269
006880
001899
001809
006835
004468
005636
005202
004114
005701
005655
004488
004939
003376
006776
001238
002736
001563
002199
005022
005980
001017
004357
001283
001698
000227
001360
006135
002204
006916
005641
000776
006931
005085
007474
005895
001566
001561
004856
006019
002192
002518
003446
005781
002069
002469
005594
000839
006221
002732
004575
001598
007471
004803
002053
000577
001156
003542
002784
005710
003731
006735
005897
003893
004741
004930
005193
003423
001731
006787
000244
004785
003271
006683
005842
004183
000662
007191
002513
006037
005644
002852
005223
006739
005973
004395
003284
001190
004457
002256
003081
001001
004750
000627
007024
006599
003026
002553
002132
002582
001993
006817
005310
003817
001126
003117
000950
002996
004820
007140
005033
007270
002236
000905
005478
001815
006784
006601
003565
005904
004399
006518
004208
005406
003045
007358
005632
002741
005828
003867
002515
005100
000678
002374
003595
005295
000185
000075
000775
002550
006896
007370
006727
004464
001324
004592
002770
001170
006646
000945
005535
002941
002401
006748
004203
004467
003205
002938
004878
007340
000941
005884
000426
001575
000641
005306
004865
005243
002862
000026
006310
003452
005716
003674
000865
007155
005257
001833
004258
006140
007153
006181
006429
002237
006594
003104
000621
006509
002624
005425
003913
002701
000057
003610
006149
002684
002975
003569
002051
000921
003721
000616
005293
004238
001474
002884
000136
004961
000680
000587
006128
006192
004266
002545
003457
003128
000390
003640
007259
003733
000507
006644
003012
005605
003248
005409
006398
006183
006705
002824
003578
006988
001090
000818
005493
003208
006216
004159
004356
002522
003803
005930
002174
002567
007251
000084
000233
000456
000898
005657
001593
001121
002109
006763
005563
002591
005943
002350
001327
000851
004455
005154
004461
003332
003928
003451
004798
005006
000318
005694
002655
001166
001669
006383
002969
005789
003825
000240
007040
003613
001657
007175
003400
000629
001724
002438
001079
000824
000901
000738
007418
000534
003875
006986
000730
001599
003243
000299
007441
001105
002808
002026
001805
006230
000282
005212
006142
006466
003445
006171
007009
000934
004678
004600
001074
007438
002921
006607
000900
001379
006566
005463
004890
004495
004451
006101
003957
003326
000895
004302
001338
000954
004316
001297
000584
005966
005003
006934
002265
000570
006947
000552
001005
000467
000304
002316
000030
000444
001773
000714
003831
003092
006365
002790
000157
000032
002077
004052
000579
004333
005761
003072
002105
000951
006598
004653
002549
000791
004916
001638
007228
005410
002629
005946
001044
002468
002409
000996
001939
005578
001838
001476
004900
002413
006285
002020
000531
006494
004980
002912
000424
005084
000113
004492
002449
003021
000955
000997
005850
000313
005769
007186
003512
004167
005394
001425
006022
005152
001073
005266
000115
002855
007425
005964
006871
003734
004390
007054
001845
001034
000431
000606
002676
005867
006688
002296
006621
000689
003261
006742
005432
006630
003014
003590
000180
007021
000417
000781
002593
000425
002865
002146
003761
005286
003078
001948
005863
004882
002119
003555
005679
004676
002897
006620
005976
000461
007400
004066
007035
003990
004253
001000
004497
004115
005397
006675
006967
005591
004044
002358
006346
002198
002453
000759
004019
002949
003510
004355
003918
005547
003593
000034
001362
007090
004870
004642
005035
006056
001250
003908
003772
002039
000523
003279
000069
005797
005224
002705
000088
000573
003436
003198
000556
005042
007354
006793
003953
003773
003414
000913
002400
004047
005684
003523
005332
001112
000474
003115
002227
002009
000529
002031
001968
005435
006197
006325
005723
005766
001440
005611
002390
006547
004749
002191
002184
004199
001048
006479
001789
003877
003699
005960
002208
000441
006397
000133
002235
003843
000866
004014
005862
003123
006976
007222
006132
006919
006303
002637
005622
002240
002354
004292
001642
001866
004015
003424
002886
002321
004507
000549
001335
007045
002288
000041
004500
006199
002323
006336
005771
001903
004937
002033
006378
001482
003218
002494
005539
000990
006460
001944
005989
003985
005367
001231
000243
005527
006188
002660
002313
006020
005627
005802
005940
002544
005569
002018
006684
000421
001539
000171
000036
003513
005971
002040
003639
005414
006571
001530
004883
002899
004590
006220
005374
003900
001907
000405
007386
000101
001753
006673
005705
004062
002782
005848
007124
007296
003371
004030
003999
006984
001659
005868
001836
004833
001247
006320
003160
000222
002395
006450
002834
004659
004894
003816
005780
004244
006330
003896
002682
003818
005737
004781
005148
001452
005352
000500
002141
006511
003657
000586
001209
000643
006902
006007
005491
002832
006467
000111
002452
006689
004631
006145
003917
004560
001137
004334
002155
000095
005046
006609
007102
002688
000303
004614
003344
000833
004968
006064
001301
001891
007107
007365
004707
002678
005048
001322
002212
006040
006362
005718
005516
003169
003230
003991
002683
004621
002333
005220
000462
000432
003440
007114
005239
007451
006562
002874
000522
007313
005666
006820
002223
005691
000935
002578
005929
007249
001383
002627
002349
001612
005209
005455
000638
002588
002864
004758
000814
005674
004080
006523
006389
003824
007406
004029
004216
007404
006260
004838
003695
007142
004969
002126
001457
001349
004186
003507
000594
000733
004978
006957
002197
001767
000502
002980
001604
005096
004533
000914
005071
003973
003500
006376
001646
005798
001812
005501
004381
006084
005858
000275
003955
002649
002180
005837
004712
001981
003380
000287
002851
004512
003438
006400
000675
001870
000487
001405
001319
005604
007018
000177
002149
006528
001873
002351
004836
003455
002634
000100
004379
005824
001622
005278
003020
000720
004235
003256
002007
005846
003018
000937
002536
007179
002943
003586
001915
000518
005258
006608
004729
000085
001644
006174
000364
001543
000663
002133
007118
006704
003995
003009
007189
004039
002609
002189
003294
004602
002792
003390
007333
001988
006268
001790
002496
004177
002870
003377
002015
000277
003329
007286
005380
003249
003178
001910
001340
002616
004024
001211
001504
004855
003084
000043
004897
005692
002379
001467
005945
000861
002005
001572
007094
003589
003759
006277
006412
004955
003149
002480
002065
002954
000596
003740
001624
007368
003765
003235
000342
001974
004484
002268
003209
002364
005099
004841
006690
005554
003911
000649
001677
004478
004845
002352
004664
001040
001541
006257
004067
003862
000210
000045
007051
003638
002611
002813
001769
002167
004601
000129
003176
006237
005417
002687
002788
000232
003533
005119
000857
000735
001276
005788
001917
003498
006137
005250
006642
002157
004555
000046
003887
006328
003525
003603
006298
004376
000286
001413
006929
001691
001842
003200
003686
005146
005196
000389
005357
001280
006253
000747
002302
006457
002871
003744
004639
004774
004181
004378
000484
005512
003561
001016
004466
001393
003378
007355
007160
000742
005011
006449
006946
004828
003008
005908
002573
006495
003334
004772
000576
004267
007121
000959
006361
006175
000149
004637
003317
007196
005860
002672
005950
006245
005348
000092
000258
000438
005791
000998
005886
000184
003706
001311
003848
006766
001371
005654
000172
006138
006318
004565
007317
005203
004031
004982
002110
006904
000205
003486
000371
000918
005373
005957
000980
007268
000599
001874
000471
000348
005959
003663
002779
002542
006810
006296
005023
005871
003293
006736
005097
001951
006857
003494
007298
003602
004135
004317
006000
006846
000155
005496
006141
004823
004169
005362
007218
007167
004200
006779
001976
006886
005116
002731
003959
006927
006639
006281
006211
002704
005983
004965
006805
006932
000540
001052
004035
003863
007046
005682
002459
002734
006291
004006
000936
000165
000785
001290
000274
004179
005245
007393
004269
005866
006926
001370
007070
003537
003473
004604
003459
001429
003441
007101
004411
000732
004054
005661
006587
002194
002230
006589
003095
003642
005354
001806
003646
000445
002317
003041
005314
003097
001908
000146
002691
006236
002060
001963
003930
005853
001426
000049
001843
005134
004387
003120
003309
006559
007248
005598
003311
006952
001580
004127
006224
000651
007263
002508
000808
003237
005171
002285
001630
000264
000423
003356
002375
001368
001608
006189
006721
001674
005098
001045
005609
002444
001175
004616
003993
005915
005382
003730
004857
003289
005383
006262
002708
001396
002873
002510
001262
005920
000114
000054
004646
003122
003587
002241
000225
003701
000164
007226
003713
001320
003745
005468
004297
000138
003017
002816
006631
000853
000762
000924
003477
002965
003314
004013
003154
004625
005228
005508
000724
004506
003244
000799
007234
000906
004884
005833
003285
002843
003340
005734
004880
007239
001837
005159
004840
002771
000080
000449
002388
005396
007341
000410
004212
003598
000743
001556
003994
002622
001896
001857
005612
002535
007206
000787
005719
005384
000160
003499
000433
005815
007363
004473
005774
000276
000306
004754
002907
006358
006241
005428
006567
005998
002470
001906
002803
003960
005211
003037
005874
002923
004670
001708
006635
000363
003939
006500
000238
002738
005849
006840
004069
006883
005092
004661
005752
004702
006160
005238
006153
006402
000871
001484
001744
001515
003720
001264
003839
003505
007366
006134
005621
005620
006923
001688
006092
003767
002714
000516
004037
007044
005039
002083
005457
002092
000072
001686
002838
005543
000582
003138
000162
006080
001499
006205
001351
004182
004459
004070
003361
003253
005770
002210
006838
006640
006680
006081
000325
004477
002823
005272
003139
000271
002998
002297
003278
007306
000060
005693
000562
002754
003339
001348
003321
002324
000633
005439
002956
002156
006878
006284
005433
002605
005670
004410
004268
006539
001558
000189
004619
003002
001971
003060
003821
007417
003348
006706
001761
004427
004795
001400
007305
002116
003741
003077
000082
001581
002430
006554
001834
002610
005470
007190
003889
002162
001473
005593
006124
000828
002756
003268
004412
001775
000995
005305
001865
001500
004123
003241
003742
007454
002597
003570
004933
006606
003303
005599
005942
000083
005755
002195
000676
007170
005089
000822
003079
002566
004310
006966
005420
001085
002437
001679
005875
001486
007346
003853
001151
001009
002072
006697
003069
000793
000557
006671
005574
007399
003098
007444
003829
006015
006921
006510
004571
002777
002214
005722
001240
004789
000375
004276
004320
000640
001164
002795
002145
001668
002592
005624
002098
005401
007097
004375
007241
003732
001309
000664
002148
007148
004025
004805
006665
004544
000656
006430
005877
000259
005361
000526
004794
000989
004975
005388
004826
006687
002389
002658
000353
003460
003342
003799
006231
006319
004812
003083
001315
002968
004180
000777
004102
003696
003263
003168
005416
005585
005870
002559
003155
005020
005519
000163
005690
000719
000086
001728
001531
007465
002798
002670
005733
001754
005979
000666
000760
007338
007123
004178
003851
002482
002368
001119
002416
006527
006622
005300
001392
001957
002361
002421
000693
002751
005358
000665
004405
007392
007224
005438
006094
000883
007476
006769
002555
004643
001578
001673
005865
002312
006864
003665
004554
004911
000208
006090
001299
005778
001653
005285
001849
005490
006350
003016
001827
006159
005967
003516
006166
002560
004380
000888
003416
003581
003119
000927
005376
007104
005283
006261
004877
007250
001830
005767
005629
002080
006996
006572
001087
002785
006869
003270
006184
005992
004550
005890
002647
006965
006909
004997
003220
005614
001364
002514
005265
006972
002849
001210
007002
002869
003579
005977
004386
005759
001649
004593
001894
000686
005847
000891
001553
004970
003433
001462
002929
000817
001821
002373
002150
006600
000458
005129
002355
003166
000864
006924
001378
003336
006293
002322
003286
006072
000127
002466
005991
006564
005579
004899
003912
005520
003868
005715
003556
006610
000813
006842
004358
000087
002913
000902
001766
006985
004952
001523
006112
001420
000763
002973
002096
001184
000538
005043
006536
005232
002571
003743
005773
003391
000256
003260
001987
004328
000830
003664
003641
003057
003612
004964
006323
003195
007197
002032
000846
005215
002084
004796
000868
002802
003722
006893
000908
007390
000794
005102
003861
005506
000154
007334
000097
002023
004219
004854
006722
001819
000532
003819
002906
000103
007223
000288
000109
001796
003105
000217
004755
000435
000119
007264
005395
004662
000575
002211
006242
004139
004704
005027
005568
002171
000145
006422
006575
002178
007188
000703
005779
000209
006652
001519
000193
004503
006065
001433
001550
003717
001879
002406
003028
004972
006672
003628
001185
005000
003234
005564
005480
003951
001028
006073
000603
005291
005115
007004
004262
006699
006522
000439
001947
004584
007452
005150
005247
003374
000637
007321
005259
002270
005836
004023
004078
005492
002918
006526
003842
007216
006617
006129
000267
004046
000617
003776
005451
006443
001313
006374
006375
000326
002047
001935
006823
002910
003111
003850
004922
004543
003670
002271
000294
000825
002247
005686
000298
000339
000310
003015
007414
005083
004371
002024
000685
004558
001958
006006
001496
005106
005696
003526
004261
004786
001357
004583
000317
002920
005524
001428
003454
002904
005665
002289
007308
002857
003193
004165
001864
007320
006573
000337
003476
001394
005324
000368
003398
005838
002175
001648
001716
000535
001366
002095
004170
004283
001672
000384
001785
002487
003472
005663
001049
001748
005902
005504
000505
005934
001655
001358
001700
000460
000465
005637
004580
006471
001423
001233
003333
000520
003121
007387
006458
006201
006661
007408
006035
005937
004053
006299
005711
004696
000598
002059
001544
001279
005207
006226
002164
004240
004106
002781
001061
002648
006382
004524
000622
002551
005208
001636
002723
003615
000623
006155
001460
006147
001584
006920
002443
005269
002489
002898
006480
007126
002769
006951
001548
000646
002952
000726
000671
007372
006861
005421
003068
002064
000783
000673
000695
002485
006089
005954
003700
001632
007073
000701
006585
001609
007431
005030
001031
005231
002671
000744
005031
001169
001220
001725
003437
001692
001422
005825
005131
004389
001611
006749
004536
003971
003766
005408
001529
005418
003709
005059
001998
003130
007269
000784
003927
004674
002267
002689
007231
003967
001406
004073
002493
006653
003997
003171
004361
000947
004973
004564
004103
000957
003922
001029
004844
001033
003786
007237
002618
004093
004731
003770
001902
002868
001057
005007
001124
001091
003694
002643
007362
003059
005808
002342
001160
001300
001161
002360
003085
001174
006892
005567
001208
006799
005301
003954
001256
002718
001323
005924
004595
006941
001444
004247
002144
005317
003989
002226
001449
002554
007150
001509
002403
001568
004147
001571
002249
005647
002408
002799
002829
006021
002445
004627
002402
001970
004252
002117
003974
007017
006552
002410
003849
004192
003164
002456
004509
002507
004915
006337
002739
004723
004594
006830
002860
007159
007427
003277
002927
006750
007147
003287
006308
006158
003576
003858
005888
005817
007036
005835
004308
004597
007077
004901
006795
006502
003682
005093
005342
000394
002715
005244
005985
000481
002744
003977
006603
003645
001516
002840
002113
007439
001884
003000
003046
001807
001471
001167
002645
000803
001507
002883
006377
003934
005311
003165
004175
004581
003275
003972
003897
001154
004041
005944
003379
001213
006634
004077
005473
004863
005484
000143
004718
002914
005147
005785
006116
001149
004456
006219
003276
001712
005181
003627
003033
005878
006442
003827
003351
003005
003496
000943
005390
006756
004658
003616
003469
005538
006715
006792
007453
005949
006738
000699
007434
001537
004835
000108
005476
001569
007221
000479
004530
006464
003769
004693
000360
003402
000555
006512
004738
001111
005363
005101
003600
004335
006343
005938
005284
001334
005316
001854
002885
007125
004941
000508
006791
003914
005857
006651
005873
001824
001439
003945
005271
007252
005413
007042
005916
003692
005237
004402
006971
003428
000613
002521
002432
001627
003916
001752
005638
002951
000281
005068
000139
004629
000004
004480
003890
003539
002681
004998
007207
005914
003495
000265
000879
005582
007098
004314
006446
000702
006874
001762
005055
002917
006887
003554
000489
000207
004548
002279
003943
004956
003106
004140
004705
004611
004737
002833
003775
006913
000630
002337
003118
006100
001940
006042
005378
005282
006829
006712
005268
006482
006023
002353
006542
004995
006505
005939
002628
002284
007345
004126
001501
003429
001345
002307
000642
001352
007397
004744
000974
002163
007456
001707
003217
004574
004040
006267
003136
005194
001075
002170
004917
004011
001613
007235
000931
006693
001787
006339
006841
000561
005249
006280
001480
000893
007238
004161
003422
003364
006741
004329
004191
002017
001027
001063
005727
000204
004706
005841
004698
004699
004806
004215
002557
002308
003519
002836
003899
007079
006036
005856
006650
007416
001173
001331
001920
000899
002094
002760
003794
003251
001424
003630
001808
003027
006876
005544
006331
006737
004374
004285
000949
007289
006760
007056
005787
001177
001305
007229
006369
007168
000454
007199
002121
000399
006614
002598
007377
000748
001511
002037
001727
005912
007374
003814
006380
003088
000023
000468
000807
003453
001218
001684
000601
001115
004534
002280
002630
005997
003611
007103
003403
001527
002483
006481
001255
000122
006747
003854
004377
001818
004573
001774
005028
006415
006436
004117
007284
006944
006586
005141
002867
005113
000359
002229
003992
000137
001356
003643
000128
006711
004319
001245
005299
001675
001711
001892
005859
002722
005313
003366
000988
002569
003096
004121
007287
000237
007006
004898
000001
006803
004187
005167
000560
003726
000722
001577
006626
005536
004557
000409
002720
005852
004364
006964
006777
001885
001881
006771
000167
005984
007302
002603
001750
006507
003809
006190
000984
006247
005153
005650
002056
000897
000379
006405
005338
004776
001617
000372
002165
006906
006165
002656
000878
001869
003450
004490
005581
000512
006849
007122
002844
001524
001997
003412
005882
001407
002901
004746
007052
003210
000203
002809
006010
004893
005437
006782
006213
000611
006517
005377
000195
002828
003054
006714
001304
000659
001802
005158
005015
006386
001660
005155
004129
002325
001463
006565
003250
003142
001945
000583
007120
006364
004419
002694
005653
000536
001717
001813
000480
004284
005041
000979
006229
001588
001118
003751
002434
001880
003007
004048
000307
006046
004647
004528
004921
006819
003292
006677
001135
005869
004873
000002
007304
000810
003623
002179
004566
001144
001650
005307
000094
003573
001432
006981
004861
002036
004438
001946
002127
003635
006816
001155
002686
000774
001694
001025
001271
001235
001051
001983
002958
001242
001489
001783
006900
002997
002320
006521
005969
005805
003161
001502
000682
004618
004655
002504
001381
007076
003448
002995
003762
004465
004305
003777
005601
000568
007072
000278
007253
006357
004059
002329
006061
001395
006930
003082
004695
001768
000396
004773
001900
001635
001259
002499
006406
005894
006701
005883
002075
002457
006270
006351
006592
006596
002019
002877
004931
000187
004783
003798
001437
005219
006977
002411
000005
002675
007115
004429
005818
005296
002585
001353
005584
000499
000446
000806
001019
005197
004958
004777
005175
007219
007172
003080
007382
004298
003883
007466
003052
001597
007433
003543
007244
003920
001332
001129
005765
006182
000517
000305
003881
001448
002633
003669
001253
006506
005972
004423
004494
000478
003859
007426
005596
000645
000006
007405
004848
006514
006044
002366
000408
000566
000728
003892
002982
000634
001084
001932
002136
004091
003430
004158
001411
002027
002606
005708
003110
007343
006013
000175
006425
002246
002539
003066
005001
002054
005887
004350
003087
003175
003094
004486
002428
007380
000624
000126
005140
002993
000983
002916
007176
006360
003874
004732
005004
001153
002726
003062
002218
004280
006096
006686
002905
006043
005879
000976
006233
002079
004130
003624
003520
001582
000008
001555
000252
007059
007214
003483
000491
002118
001273
000430
001647
005600
004974
005689
003998
000894
005389
006806
006014
004660
002022
005179
000061
001670
000291
000173
006039
005586
000863
006278
007376
006115
002685
003747
002971
000852
001781
002641
000670
002239
000473
000620
002621
005139
005036
006074
004650
006674
000025
001344
003588
000648
000402
003153
003946
004829
007246
005820
005359
007085
002359
001823
002276
000476
000321
005576
003705
004710
006302
007467
000619
005122
003478
004942
000991
004450
007463
006009
001887
007010
001217
001606
001495
000293
000450
000952
007423
000272
005227
003103
004994
005736
005854
002783
002277
001778
003828
006850
004452
006891
003604
005821
007165
006454
000545
005672
004439
003226
002511
005415
004421
006125
003771
002879
001260
005707
000543
000182
000250
002131
000066
007311
004491
003584
003738
006269
005489
004895
005745
000930
004034
002902
003399
006371
005349
005975
004345
002004
001107
000981
003756
003961
004434
000314
003658
005577
007336
000849
003557
005199
000355
004831
001521
005955
000283
005610
005385
000077
002093
000279
005319
006797
003837
001268
004373
000717
006030
000969
003350
004620
007037
004087
006828
007464
007201
007318
000923
003718
004002
002502
001307
004532
003688
005086
004825
004963
001252
003233
003306
005434
002800
004027
005812
005545
003480
003739
003466
004223
004665
002369
001419
002042
002045
002966
001853
000251
001046
003805
004149
005714
000826
002640
005910
002526
006475
003723
002699
002071
000076
000118
000911
002315
005467
000065
001931
001525
004487
002477
004055
006070
004722
002206
005472
007410
001132
004588
006453
000840
002348
007412
004443
000015
006088
005617
002362
006847
003133
001667
001972
002393
000999
007161
000961
004271
003492
002944
004745
006832
003826
003229
002091
005510
006488
003393
007369
006818
005336
007136
006578
004474
001207
004425
006427
007375
001101
001008
000332
007469
003753
007109
001549
000336
005065
006395
003880
000679
000341
006613
002073
001488
001693
001795
000971
006176
001106
006122
004321
000190
002583
003511
000595
002613
003924
006872
004657
006800
002725
006703
002889
004989
000964
001267
004327
000727
003074
000147
004562
000048
003487
001070
006937
000496
004349
006083
002548
006478
001776
003552
002160
006925
002386
005743
005170
005082
006130
002243
002775
001713
004740
006210
005230
004294
007384
004306
001006
004072
004531
004004
002306
007048
004570
004172
000020
000090
003316
001702
007225
003373
005423
005933
003265
002937
005021
000740
005255
003204
000838
002500
006445
007032
006185
000564
007401
006558
002158
005040
004887
001265
004881
003180
002602
001012
000377
007091
000546
002345
002876
007283
007450
002942
000053
003962
004502
003190
003712
004721
002636
005172
000239
001771
004281
005486
001587
001680
003778
006274
002820
005673
002900
005180
005372
001867
000782
003647
004118
007395
003847
005345
006772
004398
000909
005551
005404
006694
005906
002564
003707
000823
002903
002856
007217
007402
003076
006641
004363
000116
006868
006516
003355
006917
003755
007112
004110
006692
001097
003909
003099
002959
003515
002955
002378
006709
001342
001451
004033
002728
002896
006246
000040
003671
002562
002002
005350
002890
006754
005450
002575
001261
001337
002130
001365
005783
004526
001545
006244
002111
007065
002062
001089
001163
000844
001192
002570
000031
007275
006393
000262
007138
003932
000019
003281
000174
006898
002183
002029
002757
004036
002035
006266
006553
004935
004249
001656
006982
004026
001526
000183
000920
002078
003820
002330
004226
006028
003019
005135
001026
006755
001594
006669
007131
001586
002365
002382
003073
002001
000107
005962
005105
002196
006355
002830
001018
004162
004368
006563
005819
003255
006899
004143
005740
005731
002415
001645
003022
000493
001960
000356
006764
004636
006537
005034
006901
004111
002479
001729
005341
003145
005206
002463
000140
007117
002250
001904
001615
001127
005534
005221
006732
000102
001183
002068
005664
004307
003631
000420
006114
001339
001382
000194
005907
005267
001732
005365
007300
002392
000926
002810
007198
002100
004918
002303
001872
001995
007187
002772
003547
002383
002669
004352
005590
003352
001800
005144
001605
003266
006936
002568
001096
007409
003582
005570
002805
004260
005747
004309
005128
000269
001590
003242
006321
002495
002384
006085
002729
000706
003443
003011
005613
004168
001898
006305
000644
002861
001862
001010
006333
000915
004948
003982
007177
002152
006117
006027
001114
000677
002948
003313
002107
001820
002153
000986
000201
004716
003135
001592
006882
004063
003254
000415
006695
005289
004962
005371
005560
001380
000859
003620
004370
000639
002418
004905
001042
004764
007349
004426
004188
000548
004222
001141
000922
001134
007383
000528
000320
006026
002858
004324
002978
000352
002841
000778
001203
001610
003061
005014
002049
002367
006734
003938
000021
005843
001740
006416
000614
000736
007299
001187
006093
007277
002414
006612
003034
005982
001573
005379
002233
007280
006837
004163
001123
001825
005970
000362
004128
004811
004711
000062
005784
006534
000266
007233
001254
004549
004666
006597
002497
002232
002476
007232
003677
005156
006050
007407
001336
001372
000211
006306
004953
002677
001733
004337
006647
004483
007053
001706
006725
003490
001179
002962
001868
007169
004814
005188
004516
001120
007398
005754
004694
005558
002291
002173
001347
000289
003471
006953
005073
006658
003735
003214
006637
000805
007274
005260
005839
002794
002599
000515
000600
000558
004517
000745
004519
000170
000098
006862
005893
004686
005191
005680
003812
001138
004100
005498
006856
002894
002584
001469
002706
005019
002052
006670
005855
002540
006345
005706
004885
007360
002140
004150
006853
000427
002752
003568
001306
004248
005108
005542
003137
002644
006202
001104
002201
006048
006063
004107
005214
005008
000837
000391
001576
001446
002711
003116
002604
006773
002139
005067
002963
004082
003781
007273
007468
000249
004195
007396
006469
000192
003614
004288
003563
007162
006144
006780
000551
000248
001986
001195
002600
002341
004447
003048
000132
000047
006726
000492
000301
002260
007389
004993
001764
002151
001158
000572
001697
001893
004454
003055
003872
001858
001741
003035
000800
006943
001828
005811
005935
005981
005652
003804
000752
002123
001481
001054
004648
002314
004275
000741
005321
005318
001742
001244
007339
000386
001937
000345
000850
000768
001564
000037
005952
007475
004254
005094
003396
006852
002347
002142
006344
003622
000647
000985
004511
006889
005728
000876
000024
004475
000191
001705
004843
003216
005685
006781
002182
006312
002044
001942
007015
004715
003341
000404
004010
002492
004209
000669
004277
002796
006978
002293
002295
006041
002520
006154
001603
001616
006238
004832
002461
004682
000357
006789
001287
000967
005229
000725
005366
004295
002552
007352
002397
000419
004190
004318
000756
002387
000527
000351
001855
004929
007364
000246
006423
007449
001925
001565
004243
002930
006045
004214
005058
001991
004270
005298
001346
003655
001546
004396
000503
007146
004255
006956
005782
005256
002258
000873
006593
000297
003385
003950
003425
006723
000451
006173
002765
007279
003305
001058
005452
004680
002758
002074
000655
004153
002577
004089
007180
007022
001194
006250
001538
001152
006811
004759
004278
003322
000437
007055
001704
003834
002166
004105
001442
006973
001989
002370
004615
000657
006582
000457
000260
000716
001076
005603
003788
000750
000027
003272
005709
000904
002580
002346
005925
007204
001890
001398
000231
001934
001095
003397
006729
005474
004003
006555
001933
005275
005143
001350
003964
006465
004202
000932
001251
000610
007381
005328
004582
002653
005525
007139
004101
006863
004220
006452
001257
004336
001292
001226
006133
002717
004282
005566
004001
004591
006855
002046
005063
001875
005658
005704
004839
000059
004009
004867
002764
002740
000033
003112
006001
000877
004403
003419
004683
006569
000542
005460
004113
002224
002458
004104
003003
006439
003031
002646
004914
002924
003702
001039
000636
005640
004340
002881
007084
007278
003905
000841
007110
000028
005735
001318
004799
006484
002425
006286
007391
006794
006785
002919
002021
000916
006761
003181
005222
000848
006590
006884
000106
002991
000329
003042
005712
001143
001786
006698
002286
004673
002556
003530
001148
002988
007240
001263
003058
006989
000569
003689
004485
003937
000216
001952
006759
005213
005077
001094
001844
007445
003750
001517
007205
001133
006836
006959
003318
004064
001243
000917
002025
001435
005325
004649
005062
004108
006762
006643
004599
005555
006858
001131
000773
005807
003470
007262
000042
006667
001296
003302
000804
000938
007385
005911
000104
004460
001719
002866
006623
005262
000589
002661
000494
001275
007292
004596
003447
001863
002013
002814
006533
005334
000881
001172
006636
001967
003367
000376
005619
003583
002266
007164
001536
002292
005926
006385
005322
007016
000035
005649
000792
003300
001978
004397
007157
000772
004669
000440
000319
002619
005297
003259
004697
006895
001755
000270
001658
005786
004792
001145
002215
004256
003886
000452
007030
002011
004124
000521
002356
003343
006012
005528
007247
004850
000229
005713
001216
006954
006561
002038
005656
005827
002420
002690
005571
003365
006288
005081
006316
002304
004131
003129
004383
005246
007415
000650
002506
000524
000683
007215
002048
007430
003811
002255
006531
003965
002509
000766
004393
007294
006388
007447
007089
000696
003182
005136
005829
004988
000790
002057
000403
004251
001552
002442
006057
006107
003252
004444
004817
001980
002460
002696
004293
000754
006435
003467
001086
000063
007403
003067
001772
005109
001562
003257
005494
006812
003358
005741
005335
007261
003308
004892
006576
000907
005659
004348
003456
002727
005793
000443
005556
000343
004739
004932
000884
000660
006659
003312
006103
006058
006560
006031
001629
001666
002294
006381
006167
001443
002193
003860
000152
005184
002594
002787
004598
002103
001591
004700
003102
006938
006317
005589
004401
007034
004846
006881
000385
005045
002957
004205
006126
001333
006556
006062
004540
007074
000801
001585
006095
005677
002773
005052
002439
005054
007411
005660
000885
002786
004651
004717
002827
005185
006146
000973
002801
005777
002087
004038
003280
005639
005800
001234
001214
006324
006808
003503
002128
003325
000312
003346
005531
004174
000188
005698
003408
000039
005616
001664
000694
003482
002081
000311
006968
002934
003661
005276
004946
002101
004007
005794
005120
000541
005026
001765
006540
007166
002541
002254
004206
006990
001035
007027
001924
004418
002200
002789
003506
001929
000567
000382
006731
000050
002673
001926
003228
000704
004472
000328
003319
001919
001412
002405
005010
002935
002419
004157
004290
006796
000734
004542
004391
002831
001180
004685
000912
006370
003225
005127
007337
004239
001445
005241
006632
003764
007309
004966
002911
000472
002372
006758
002839
003885
000223
003410
000809
006301
001856
006110
002797
003395
003497
006798
001241
000510
001478
004301
007437
005481
007144
001897
005466
005631
001535
003894
002516
004624
003808
007182
006945
005368
000309
001579
001797
003691
003653
002928
006525
003800
004311
005072
004122
004874
001508
006629
005161
001977
007132
006628
006169
000089
005618
005881
003283
007149
000463
004904
006822
006391
004979
001631
004430
001055
004246
005333
003337
004424
003711
004640
001178
000761
005864
001182
000626
004513
002488
001848
004051
003394
005999
005919
000698
000615
007371
002138
007194
004689
007342
001801
001224
006765
001878
007260
006106
000847
006922
002251
005927
005505
001522
001162
002012
001330
005234
001043
006003
004862
002474
001859
006102
006232
003192
004858
000674
003124
003719
000218
000161
005668
001959
001909
004766
001861
003931
004137
002546
003980
000052
005717
004406
003866
002818
006960
006272
003716
004985
002473
002344
001139
005166
004585
002530
003323
004155
001718
003891
005453
007163
003958
003304
006263
005287
004770
004603
003236
004433
006910
006403
001071
006300
006314
000475
004859
004999
002563
003194
000628
005523
004289
004752
004810
005634
005337
006948
003902
006570
006625
002225
001979
002332
005360
004156
002082
001722
005149
004553
006733
002635
001021
007100
007071
005125
007440
005174
005176
006410
001102
000197
003652
005056
007031
007353
000378
000186
004753
001621
003353
000798
006655
002748
000486
001270
004668
000234
006067
000963
002086
002953
001136
007135
001140
004120
004926
003870
007174
003574
002692
002674
003298
006033
002338
005002
007087
004353
004708
003224
007043
004098
001230
006054
002385
005312
002712
007210
006204
001682
007011
001954
005182
001225
000684
006409
007422
004119
005430
003107
003203
006595
005201
003605
006047
001840
004821
007242
002753
004610
006208
001232
003409
007200
005013
000361
003131
004578
003172
005892
002161
003231
000159
003465
000350
006366
006498
005751
002505
006950
000970
007026
002433
006815
001634
001438
001701
003141
004392
006334
006719
007183
000708
001317
006508
004709
000942
002187
001602
003159
003684
004148
001303
007019
003690
004735
005909
004860
006770
003338
007435
003301
004609
003146
004679
002680
002651
000058
007344
005218
006077
001078
001391
002815
003150
003621
006426
001699
002503
002895
005948
004232
005461
001389
002615
004800
006535
005049
005449
002257
000612
001852
004263
005757
005630
006678
000117
004896
000393
001746
000875
006474
006483
006005
005386
005280
001416
005625
003529
003167
004943
002102
003370
001065
000692
000554
006753
007047
001237
004822
002168
006783
003822
006163
006356
005443
003521
003288
002853
003676
003898
001643
003864
003915
000181
007230
005274
000169
002984
001108
006342
006879
003053
004851
002737
002826
004787
006322
004496
000397
005145
002454
001633
006992
006520
002399
007208
006186
005487
002450
000590
005588
003030
007325
002050
005162
003211
005189
001513
006060
002398
007069
004045
001077
003779
003975
003197
006066
001596
005057
007145
003736
002976
002730
003618
006379
006549
000831
004312
004369
004493
005729
006468
003101
002601
004541
004959
004622
005901
005762
000346
007458
001941
004938
003240
005465
000212
006568
006338
006315
003004
007315
003830
001222
002455
006942
005427
001969
000953
007266
002423
003901
005595
001007
007005
005996
005024
002812
001709
005947
002380
003310
000213
002357
004691
000519
000395
006532
004713
006187
005803
002216
000226
005038
006034
004920
006368
004095
001683
007424
006097
003633
001780
002845
005918
004990
003984
006833
006987
005381
004871
001011
004241
005190
000751
005695
004934
007003
003043
000737
003368
005965
001289
005840
005790
005273
001022
003856
001814
003065
005763
004414
004074
003114
003071
003183
001295
005633
000765
000151
002999
006024
001188
003404
002000
002124
004692
006407
002626
006396
000448
003426
001640
002565
004384
005796
005511
006433
001069
004422
006496
006813
006503
005070
000308
005482
000134
007347
005110
007255
000333
004804
000771
006276
000495
005391
004720
004065
003156
000383
005112
005168
007326
004569
002245
002531
006118
004567
005495
007473
004185
007359
001308
004944
006148
004404
002574
005240
006744
001266
001466
004788
001877
004330
006196
006682
002076
003527
004338
000366
004291
000530
003667
004109
001487
006087
003793
005078
005037
002327
004250
000889
004367
000428
004085
006075
001589
003324
006994
000156
001384
000224
002908
004768
001427
000290
000263
001654
003421
002994
004762
000398
002159
000324
003571
004125
001088
001249
002693
006151
006451
006354
005559
005760
000327
004482
006215
004508
001191
001421
007288
006411
006676
006240
002478
006666
001037
007154
006228
001984
006434
003024
000381
004116
000407
003134
001228
006222
004237
003162
006804
004986
006227
001386
003144
003449
003411
002089
003174
003504
005445
005961
004489
000414
001066
003607
003090
004849
004589
003926
002120
007271
007322
004807
004079
002528
000504
004437
002429
001239
005292
006086
000779
001067
003835
000966
005988
002979
002742
002663
005226
004928
000874
000469
003199
004527
000625
003232
003502
002707
005532
004924
004142
002666
006139
001477
000477
002310
002287
005899
000604
000498
003649
003981
002334
007448
001547
005050
004797
003737
005801
003177
001923
000746
001374
005124
005017
006029
002735
003295
006486
001314
000862
006194
005683
003481
005329
004521
001441
003269
006807
001113
006258
001189
004587
001966
001497
001206
004021
006656
007477
003247
005931
003703
005422
001689
002299
004724
006903
006152
003221
003330
007272
004323
007023
004049
001431
002811
001804
007351
006685
002058
002875
003969
002424
005540
004949
005746
004136
005724
003634
